0,0.00020225599291734397
1,0.0001438870094716549
2,0.00012958199658896774
3,0.000123435995192267
4,0.00012496899580582976
5,0.00012179199256934226
6,0.0001217520039062947
7,0.00012019199493806809
8,0.0001226290041813627
9,0.00012304399569984525
10,0.00011796801118180156
11,0.00011699998867698014
12,0.00011764001101255417
13,0.0001173229975393042
14,0.00011721499322447926
15,0.0001173939963337034
16,0.00011691200779750943
17,0.00011855999764520675
18,0.00011705298675224185
19,0.00011669201194308698
20,0.000117477000458166
21,0.00011674400593619794
22,0.00011719099711626768
23,0.00011841999366879463
24,0.00011686999641824514
25,0.00011662700853776187
26,0.00011637499846983701
27,0.0001168710005003959
28,0.00011691299732774496
29,0.00011744299263227731
30,0.00011690800602082163
31,0.00011720799375325441
32,0.0001166989968623966
33,0.00011697699665091932
34,0.00011735399311874062
35,0.00011682300828397274
36,0.00011892699694726616
37,0.00011855099000968039
38,0.00011736601300071925
39,0.00011726899538189173
40,0.00011729598918464035
41,0.00011757599713746458
42,0.00011678499868139625
43,0.000116561001050286
44,0.00011753400031011552
45,0.00011642400932032615
46,0.00011702300980687141
47,0.00011933399946428835
48,0.00011650398664642125
49,0.000117531992145814
50,0.00011697399895638227
51,0.00011817300401162356
52,0.00012030800280626863
53,0.00011688600352499634
54,0.0001167070004157722
55,0.0001170759933302179
56,0.00011670601088553667
57,0.00011744299263227731
58,0.00011710499529726803
59,0.00011782000365201384
60,0.00011681798787321895
61,0.00011753600847441703
62,0.00011710700346156955
63,0.00012046800111420453
64,0.00011655200796667486
65,0.00011724300566129386
66,0.00011697300942614675
67,0.00012148999667260796
68,0.00011704799544531852
69,0.00011681400064844638
70,0.00011713599087670445
71,0.00011711700062733144
72,0.00011636099952738732
73,0.00011662999168038368
74,0.0001162550033768639
75,0.00011734099825844169
76,0.00011724598880391568
77,0.00011741901107598096
78,0.00011701800394803286
79,0.00011737100430764258
80,0.00011667300714179873
81,0.00011951099440921098
82,0.00011680000170599669
83,0.00011684600031003356
84,0.00011698200250975788
85,0.00011651300883386284
86,0.0001171710027847439
87,0.00011800100037362427
88,0.00011735800944734365
89,0.0001168080052593723
90,0.00011683999036904424
91,0.00011906099098268896
92,0.00011827200069092214
93,0.00011718299356289208
94,0.00011795200407505035
95,0.00011716599692590535
96,0.00011656599235720932
97,0.00011687600635923445
98,0.0001164599962066859
99,0.0001169239985756576
100,0.0001169339957414195
101,0.00011625701154116541
102,0.00011765699309762567
103,0.00011632799578364938
104,0.00011681699834298342
105,0.00011705799261108041
106,0.00011642699246294796
107,0.00011674499546643347
108,0.00011667799844872206
109,0.00011681999603752047
110,0.00011687399819493294
111,0.00011816099868156016
112,0.00011650800297502428
113,0.00011752299906220287
114,0.00011595099931582808
115,0.00011720600014086813
116,0.00011670100502669811
117,0.00011651800014078617
118,0.00011768199328798801
119,0.00011695300054270774
120,0.00011643600009847432
121,0.00011713600542861968
122,0.00011650301166810095
123,0.00011631200322881341
124,0.00011697699665091932
125,0.00011694799468386918
126,0.00011648600047919899
127,0.00011693099804688245
128,0.00011718799942173064
129,0.00011661800090223551
130,0.00011696599540300667
131,0.00011667000944726169
132,0.0001168570015579462
133,0.00011652399552986026
134,0.0001176369987661019
135,0.00011565801105462015
136,0.0001165349967777729
137,0.00011985300807282329
138,0.00011478300439193845
139,0.00011715998698491603
140,0.0001167980080936104
141,0.00011673400877043605
142,0.00012017099652439356
143,0.00011539399565663189
144,0.00011676900612656027
145,0.00011911700130440295
146,0.00011483200069051236
147,0.00011692199041135609
148,0.0001170839968835935
149,0.00011504399299155921
150,0.00011698099842760712
151,0.00011713200365193188
152,0.00011675900896079838
153,0.00011864800762850791
154,0.00011731700215023011
155,0.00011545600136741996
156,0.0001167070004157722
157,0.00011693499982357025
158,0.00011709799582604319
159,0.00012048000644426793
160,0.00011392199667170644
161,0.00011730298865586519
162,0.00011945200094487518
163,0.00011493399506434798
164,0.00011667600483633578
165,0.00011688299127854407
166,0.00011893300688825548
167,0.00011529101175256073
168,0.00011833799362648278
169,0.0001158780069090426
170,0.00011797700426541269
171,0.00012094499834347516
172,0.00011400900257285684
173,0.00011966399324592203
174,0.00011420500231906772
175,0.00011634299880824983
176,0.00011929300671909004
177,0.00011467099830042571
178,0.00011898399679921567
179,0.00011500199616421014
180,0.00011917900701519102
181,0.0001147559960372746
182,0.00011953100329264998
183,0.00011554900265764445
184,0.0001160409883596003
185,0.0001171040057670325
186,0.00011926700244657695
187,0.00011424599506426603
188,0.00011953200737480074
189,0.00011492699559312314
190,0.00011881400132551789
191,0.00011516999802552164
192,0.00011872999311890453
193,0.00011533200449775904
194,0.0001195880031445995
195,0.00011433300096541643
196,0.00011832099698949605
197,0.00011587700282689184
198,0.00011928100138902664
199,0.00011475000064820051
200,0.00011858000652864575
201,0.0001151489996118471
202,0.00011742900824174285
203,0.00011499800893943757
204,0.0001191019982798025
205,0.00011868099682033062
206,0.00011339200136717409
207,0.00011913900380022824
208,0.00011683200136758387
209,0.00013537000631913543
210,0.00011252699187025428
211,0.00011867600551340729
212,0.00011808999988716096
213,0.00011462099791970104
214,0.00011814999743364751
215,0.00011990299390163273
216,0.00011363200610503554
217,0.00011905300198122859
218,0.00011697999434545636
219,0.00011704400822054595
220,0.00011716999870259315
221,0.0001169580064015463
222,0.00011637900024652481
223,0.0001185449946206063
224,0.00011759299377445132
225,0.00011728599201887846
226,0.00011671599349938333
227,0.00011575900134630501
228,0.00011840800289064646
229,0.00011685199569910765
230,0.00011767800606321543
231,0.00011730600090231746
232,0.0001223310100613162
233,0.00011321899364702404
234,0.00011667699436657131
235,0.00011755300511140376
236,0.00011698200250975788
237,0.00011805500253103673
238,0.00011471800098661333
239,0.00011896099022123963
240,0.00011719099711626768
241,0.00011697800073307008
242,0.00011679300223477185
243,0.00011680698662530631
244,0.00011696100409608334
245,0.00011748999531846493
246,0.00011705099313985556
247,0.00011784399976022542
248,0.0001166239962913096
249,0.00011784800153691322
250,0.00011444800475146621
251,0.00011858600191771984
252,0.0001171549956779927
253,0.00011528100003488362
254,0.00011865499254781753
255,0.0001171589974546805
256,0.00011706700024660677
257,0.00011896601063199341
258,0.0001135380007326603
259,0.0001196289958897978
260,0.00011765099770855159
261,0.00011693101259879768
262,0.00011695899593178183
263,0.00011479799286462367
264,0.00011825001274701208
265,0.00011852299212478101
266,0.00011582700244616717
267,0.00011775600432883948
268,0.00011729999096132815
269,0.00011656299466267228
270,0.00011396199988666922
271,0.00011819999781437218
272,0.00011739500041585416
273,0.00011812199954874814
274,0.00011505199654493481
275,0.00011878299119416624
276,0.0001177789963549003
277,0.0001148610026575625
278,0.00011918599193450063
279,0.00012050200894009322
280,0.0001146809954661876
281,0.00011927900777664036
282,0.00011434500629547983
283,0.00011884199921041727
284,0.00011843700485769659
285,0.00011416200140956789
286,0.00012136298755649477
287,0.0001139899977715686
288,0.00011919300595764071
289,0.00011546499445103109
290,0.00011923899000976235
291,0.00011494899808894843
292,0.00011898300726898015
293,0.00011552000069059432
294,0.0001189600006910041
295,0.00011455699859652668
296,0.00011866699787788093
297,0.00011786899995058775
298,0.00011457000800874084
299,0.00011935600196011364
300,0.0001147840084740892
301,0.00011854298645630479
302,0.00011814899335149676
303,0.00011514400830492377
304,0.00011852399620693177
305,0.00011569500202313066
306,0.00011835299665108323
307,0.00011521000124048442
308,0.00011861301027238369
309,0.00011538399849087
310,0.00011788899428211153
311,0.00011474800703581423
312,0.0001189600006910041
313,0.00011703600466717035
314,0.00011463199916761369
315,0.00011891299800481647
316,0.00011782799265347421
317,0.00011458998778834939
318,0.0001184310094686225
319,0.0001152280019596219
320,0.00011899499804712832
321,0.00011680400348268449
322,0.00011845199333038181
323,0.00011434999760240316
324,0.00011705000360962003
325,0.00011892100155819207
326,0.00011800701031461358
327,0.00011415399785619229
328,0.00011975099914707243
329,0.00011508900206536055
330,0.0001177789963549003
331,0.00011589800124056637
332,0.00011901800462510437
333,0.00011626401101239026
334,0.00011855999764520675
335,0.00011426799756009132
336,0.00011838600039482117
337,0.00011588400229811668
338,0.00011801900109276175
339,0.00011594600800890476
340,0.00011889600136782974
341,0.00011637799616437405
342,0.00011658600124064833
343,0.00011865299893543124
344,0.00011567199544515461
345,0.00011836999328806996
346,0.00011598599667195231
347,0.00011864000407513231
348,0.00011634100519586354
349,0.00011858499783556908
350,0.0001144580019172281
351,0.00011978400289081037
352,0.00011423100659158081
353,0.00011827099660877138
354,0.00011540901323314756
355,0.00011821399675682187
356,0.00011424299736972898
357,0.00011920499673578888
358,0.00011473400809336454
359,0.00011889199959114194
360,0.00011528600589372218
361,0.00011820100189652294
362,0.00011564599117264152
363,0.0001191140036098659
364,0.00011510199692565948
365,0.00011847300629597157
366,0.00011537699901964515
367,0.00011880700185429305
368,0.00011529200128279626
369,0.00011932400229852647
370,0.00011568400077521801
371,0.0001264180027646944
372,0.0001168160088127479
373,0.00011867500143125653
374,0.00012127500667702407
375,0.00012952399265486747
376,0.00012272200547158718
377,0.00011466399882920086
378,0.00011858000652864575
379,0.00011846800043713301
380,0.00011799500498455018
381,0.00011767999967560172
382,0.00011936000373680145
383,0.0001184579887194559
384,0.00011829400318674743
385,0.00011858998914249241
386,0.00011798999912571162
387,0.00011957901006098837
388,0.00011742400238290429
389,0.00011821299267467111
390,0.00011869100853800774
391,0.00012023100862279534
392,0.00011731500853784382
393,0.00011753899161703885
394,0.00011872001050505787
395,0.00011808698764070868
396,0.0001183239946840331
397,0.00011841299419756979
398,0.00016607000725343823
399,0.00016921100905165076
400,0.00016468499961774796
401,0.0001616060035303235
402,0.00011703699419740587
403,0.00011807799455709755
404,0.00011771300341933966
405,0.00011889099550899118
406,0.0001160709944088012
407,0.00011875899508595467
408,0.00011909900058526546
409,0.000117197007057257
410,0.00011807499686256051
411,0.00011830500443466008
412,0.00011870900925714523
413,0.00011826399713754654
414,0.00011937000090256333
415,0.00011840100341942161
416,0.00011615401308517903
417,0.00011837399506475776
418,0.0001184110005851835
419,0.00011848300346173346
420,0.00011773599544540048
421,0.00011788700066972524
422,0.0001178539969259873
423,0.00011887299478985369
424,0.00011728699610102922
425,0.00011854500917252153
426,0.00011825899127870798
427,0.00011851699673570693
428,0.00011814400204457343
429,0.00011842399544548243
430,0.00011849199654534459
431,0.00011874199844896793
432,0.00011819899373222142
433,0.00011856800119858235
434,0.00011754299339372665
435,0.00011865999840665609
436,0.00011824500688817352
437,0.00011853700561914593
438,0.00011858200014103204
439,0.00011904499842785299
440,0.00011791600263677537
441,0.0001947439886862412
442,0.00013124500401318073
443,0.00011592201190069318
444,0.00011836699559353292
445,0.00011822600208688527
446,0.00011984699813183397
447,0.00011746700329240412
448,0.00012234899622853845
449,0.00011945700680371374
450,0.00012630599667318165
451,0.00012854801025241613
452,0.00014620900037698448
453,0.00013225599832367152
454,0.0001296989939874038
455,0.00013058498734608293
456,0.00012380500265862793
457,0.0001280799915548414
458,0.000134682995849289
459,0.0001141030079452321
460,0.00012010200589429587
461,0.0001170290051959455
462,0.0001177990052383393
463,0.00010948898852802813
464,0.00011952299973927438
465,0.00011863899999298155
466,0.00011853400792460889
467,0.00011860900849569589
468,0.00011855800403282046
469,0.00011832499876618385
470,0.00011884099512826651
471,0.00011811799777206033
472,0.00011816900223493576
473,0.00011900799290742725
474,0.00011750000703614205
475,0.00011850398732349277
476,0.00011844899563584477
477,0.00011848998838104308
478,0.00011856299533974379
479,0.00011877799988724291
480,0.00011809098941739649
481,0.00011875000200234354
482,0.00011940699187107384
483,0.0001168790040537715
484,0.0001182770065497607
485,0.00011858400830533355
486,0.00011841299419756979
487,0.00011873799667228013
488,0.00011826300760731101
489,0.00011872399772983044
490,0.00011817899940069765
491,0.00011864099360536784
492,0.00011849100701510906
493,0.0001184190041385591
494,0.00011848400754388422
495,0.00011872399772983044
496,0.00011707399971783161
497,0.00011958600953221321
498,0.00011843199899885803
499,0.00011845400149468333
500,0.00011861600796692073
501,0.00011859599908348173
502,0.00012037900160066783
503,0.00011850299779325724
504,0.00011459500819910318
505,0.000119420001283288
506,0.00011839700164273381
507,0.00011834100587293506
508,0.00011868600267916918
509,0.00011924200225621462
510,0.00011749799887184054
511,0.0001182140113087371
512,0.00011850100418087095
513,0.00011845999688375741
514,0.00011956000525970012
515,0.00011737899330910295
516,0.00011827400885522366
517,0.00011916100629605353
518,0.00011796699254773557
519,0.00012055500701535493
520,0.00011727800301741809
521,0.00011766799434553832
522,0.0001183869899250567
523,0.00011811000877059996
524,0.00011868300498463213
525,0.00011847999121528119
526,0.0001185750006698072
527,0.00011580499995034188
528,0.00011869399168062955
529,0.00011836399789899588
530,0.00011854800686705858
531,0.00011808100680354983
532,0.00011908001033589244
533,0.00011878200166393071
534,0.0001162959961220622
535,0.00011948400060646236
536,0.00012006799806840718
537,0.00011686599464155734
538,0.00011880099191330373
539,0.00011785700917243958
540,0.00011838799400720745
541,0.00011881999671459198
542,0.00011834200995508581
543,0.00011862099927384406
544,0.00011848501162603498
545,0.00011843199899885803
546,0.00011801699292846024
547,0.00012059698929078877
548,0.0001133619953179732
549,0.00011898399679921567
550,0.0001178840029751882
551,0.00011874799383804202
552,0.00011890799214597791
553,0.00011779600754380226
554,0.00011946800805162638
555,0.00011745700612664223
556,0.00011832300515379757
557,0.00011870400339830667
558,0.00011873099720105529
559,0.00011805300891865045
560,0.0001182690029963851
561,0.00011859899677801877
562,0.00011846100096590817
563,0.00011830098810605705
564,0.00011842200183309615
565,0.00011847401037812233
566,0.00012109200179111212
567,0.00011650199303403497
568,0.00011866299610119313
569,0.00011786799586843699
570,0.00011863099643960595
571,0.0001177669910248369
572,0.00011856399942189455
573,0.00011828400602098554
574,0.00011909501336049289
575,0.00011792400619015098
576,0.00011821600492112339
577,0.00011758599430322647
578,0.00011981000716332346
579,0.00011787799303419888
580,0.0001185289875138551
581,0.00011878699297085404
582,0.00011820001236628741
583,0.00012016299297101796
584,0.00011953800276387483
585,0.00011469800665508956
586,0.00012079199950676411
587,0.00011754200386349112
588,0.00011769100092351437
589,0.00011839599756058306
590,0.00011848399299196899
591,0.00011825399997178465
592,0.0001183279964607209
593,0.0001183909917017445
594,0.0001269409985980019
595,0.00011185499897692353
596,0.00011858200014103204
597,0.0001179590035462752
598,0.00011861301027238369
599,0.00011471498874016106
600,0.00012135600263718516
601,0.00011529999028425664
602,0.00011852699390146881
603,0.00011821900261566043
604,0.0001207690074807033
605,0.00011661900498438627
606,0.00011816000915132463
607,0.00011818599887192249
608,0.00011867999273817986
609,0.00011911899491678923
610,0.00011818300117738545
611,0.00011772199650295079
612,0.00011860800441354513
613,0.00011882699618581682
614,0.00011958999675698578
615,0.00011701199400704354
616,0.00011813700257334858
617,0.0001195880031445995
618,0.00011757999891415238
619,0.00011856600758619606
620,0.00011887098662555218
621,0.00011878999066539109
622,0.00011784399976022542
623,0.00011825500405393541
624,0.00011853000614792109
625,0.00011849199654534459
626,0.00011862000974360853
627,0.00011808799172285944
628,0.00011844700202345848
629,0.00011875799100380391
630,0.00011812099546659738
631,0.00011924499995075166
632,0.00011770200217142701
633,0.00011862300743814558
634,0.0001189760077977553
635,0.00011811598960775882
636,0.00011825301044154912
637,0.000118579002446495
638,0.00011840600927826017
639,0.00011865199485328048
640,0.00011812300363089889
641,0.00011881699902005494
642,0.00011849799193441868
643,0.00011810299474745989
644,0.00011829899449367076
645,0.0001195920049212873
646,0.0001209820038639009
647,0.00011549999180715531
648,0.0001182020059786737
649,0.00011875700147356838
650,0.00011825399997178465
651,0.00011819700011983514
652,0.00011853399337269366
653,0.00011838199861813337
654,0.00011828400602098554
655,0.00011778200860135257
656,0.00012059000437147915
657,0.00011743498907890171
658,0.00011815001198556274
659,0.00011830500443466008
660,0.00011827499838545918
661,0.00011975300731137395
662,0.00011726299999281764
663,0.00011865799024235457
664,0.00011814299796242267
665,0.00011880300007760525
666,0.00012031100050080568
667,0.00011645100312307477
668,0.00011877799988724291
669,0.0001239749981323257
670,0.00011199999426025897
671,0.00011907100270036608
672,0.00011903799895662814
673,0.00011788100528065115
674,0.0001182609994430095
675,0.0001179710088763386
676,0.0001204590080305934
677,0.00011682599142659456
678,0.00011855899356305599
679,0.00011796600301750004
680,0.00011591400834731758
681,0.0001316499983659014
682,0.00016390900418628007
683,0.00012374200741760433
684,0.00011342100333422422
685,0.0001190979965031147
686,0.00011829000141005963
687,0.00011801101209130138
688,0.00011856800119858235
689,0.00012113299453631043
690,0.00011541700223460793
691,0.00011871400056406856
692,0.00011864700354635715
693,0.00011815399921033531
694,0.00011839000217150897
695,0.00011898500088136643
696,0.00011745399388018996
697,0.00011878700752276927
698,0.00011829900904558599
699,0.00011998099216725677
700,0.00011764999362640083
701,0.0001179389946628362
702,0.00011793700105044991
703,0.00011850601003970951
704,0.00011835400073323399
705,0.00011869899753946811
706,0.00012086599599570036
707,0.00011597000411711633
708,0.00011832400923594832
709,0.00011961100972257555
710,0.00011702299525495619
711,0.0001187550078611821
712,0.00011889600136782974
713,0.0001181719999294728
714,0.00011795200407505035
715,0.00011849698785226792
716,0.00011853000614792109
717,0.00011851100134663284
718,0.00011963500583078712
719,0.00011729900143109262
720,0.00011804500536527485
721,0.00011932299821637571
722,0.00011838901264127344
723,0.00011855000047944486
724,0.00011800399806816131
725,0.00011831299343612045
726,0.00011833300231955945
727,0.00011903699487447739
728,0.00011819798965007067
729,0.00011954600631725043
730,0.00011699000606313348
731,0.00011851001181639731
732,0.00011837499914690852
733,0.0001183989952551201
734,0.00011846500274259597
735,0.00011989499034825712
736,0.00011656800052151084
737,0.00011889000597875565
738,0.00011799299682024866
739,0.00011932699999306351
740,0.00011770499986596406
741,0.00011814000026788563
742,0.00011861399980261922
743,0.0001187590096378699
744,0.00011820199142675847
745,0.00011854700278490782
746,0.00011185600305907428
747,0.00011902301048394293
748,0.00011881999671459198
749,0.00011767999967560172
750,0.00011855800403282046
751,0.00011862900282721967
752,0.00012056999548804015
753,0.00011652000830508769
754,0.00011821799853350967
755,0.00011875400377903134
756,0.00011873299081344157
757,0.00011789699783548713
758,0.00011791000724770129
759,0.00011883900151588023
760,0.0001183360000140965
761,0.00011904598795808852
762,0.0001183520071208477
763,0.00011821500083897263
764,0.00011837799684144557
765,0.00011839700164273381
766,0.00011869199806824327
767,0.00011829800496343523
768,0.00011852600437123328
769,0.00011866599379573017
770,0.00011845600965898484
771,0.00011827000707853585
772,0.00011614699906203896
773,0.00011843499669339508
774,0.0001185369910672307
775,0.000118804004159756
776,0.00011808599811047316
777,0.00011864800762850791
778,0.00011853399337269366
779,0.00011828300193883479
780,0.0001188629976240918
781,0.0001188629976240918
782,0.00011764800001401454
783,0.00011882100079674274
784,0.00011848300346173346
785,0.00011862898827530444
786,0.00011789999553002417
787,0.00011931000335607678
788,0.00011802499648183584
789,0.00011834299948532134
790,0.00011848499707411975
791,0.00011855000047944486
792,0.0001183480053441599
793,0.00012042399612255394
794,0.00011699199967551976
795,0.00011848800932057202
796,0.00011892500333487988
797,0.00011815800098702312
798,0.00011811699368990958
799,0.00012154299474786967
800,0.00011555400851648301
801,0.00011874899792019278
802,0.00011808298586402088
803,0.00012286900891922414
804,0.00011385999096091837
805,0.00011845699918922037
806,0.00011854201147798449
807,0.00011804400128312409
808,0.00011870199523400515
809,0.00012016399705316871
810,0.00011700100731104612
811,0.00011875799100380391
812,0.00011788500705733895
813,0.00011885700223501772
814,0.00011907100270036608
815,0.00011738199100364
816,0.00011906199506483972
817,0.00011819798965007067
818,0.00011802799417637289
819,0.00011856399942189455
820,0.00011862700921483338
821,0.00011869499576278031
822,0.00012018899724353105
823,0.00011645400081761181
824,0.00011868099682033062
825,0.00011812298907898366
826,0.00011847700807265937
827,0.00011833100870717317
828,0.00011860099039040506
829,0.00011846399866044521
830,0.00011839000217150897
831,0.00011950198677368462
832,0.00011774500308092684
833,0.0001186419976875186
834,0.00011816898768302053
835,0.00012021099973935634
836,0.0001165979920187965
837,0.00011807199916802347
838,0.00011840500519610941
839,0.00011839599756058306
840,0.0001183440035674721
841,0.0001187250018119812
842,0.0001183400017907843
843,0.00011871500464621931
844,0.00011821299267467111
845,0.0001185610017273575
846,0.00011799100320786238
847,0.00011953500506933779
848,0.00011794599413406104
849,0.00011826699483208358
850,0.0001184450084110722
851,0.00011823700333479792
852,0.00011860400263685733
853,0.00011824800458271056
854,0.00011854700278490782
855,0.00011826399713754654
856,0.00011905700375791639
857,0.00011859499500133097
858,0.00011732999701052904
859,0.00011874600022565573
860,0.00011880799138452858
861,0.00011812300363089889
862,0.00011819601058959961
863,0.00011838499631267041
864,0.00011829299910459667
865,0.00011883598926942796
866,0.00011902999540325254
867,0.00011773000005632639
868,0.00011855000047944486
869,0.00011829299910459667
870,0.00011828399146907032
871,0.00011916000221390277
872,0.00011812499724328518
873,0.00011840100341942161
874,0.00011894499766640365
875,0.00011546400492079556
876,0.00011861299572046846
877,0.00011847300629597157
878,0.00011823400564026088
879,0.00011889899906236678
880,0.00011849499423988163
881,0.00011981801071669906
882,0.00011702800111379474
883,0.00011872999311890453
884,0.0001181719999294728
885,0.00011862099927384406
886,0.00011816401092801243
887,0.00011879100929945707
888,0.00011828300193883479
889,0.00011882100079674274
890,0.0001183239946840331
891,0.00011819299834314734
892,0.0001189680042443797
893,0.00011832600284833461
894,0.00011804699897766113
895,0.00011880999954883009
896,0.00011824100511148572
897,0.00011866800196003169
898,0.00011958100367337465
899,0.000117306990432553
900,0.00011830098810605705
901,0.00011881100363098085
902,0.00011816500045824796
903,0.00011873000767081976
904,0.00012285199773032218
905,0.00011517999519128352
906,0.00011749099940061569
907,0.00011821799853350967
908,0.00011853499745484442
909,0.00011878200166393071
910,0.00011794600868597627
911,0.00011924099817406386
912,0.00011773699952755123
913,0.00011889199959114194
914,0.00011793499288614839
915,0.00012240000069141388
916,0.00011558599362615496
917,0.00011842299136333168
918,0.00011777800682466477
919,0.00011371300206519663
920,0.00011863000690937042
921,0.00011861200619023293
922,0.00011822200031019747
923,0.00011846701090689749
924,0.00011836399789899588
925,0.0001188629976240918
926,0.00011774299491662532
927,0.00011984400043729693
928,0.00011723001080099493
929,0.00011862300743814558
930,0.00011782099318224937
931,0.00011901400284841657
932,0.00011789798736572266
933,0.00011873600305989385
934,0.00011813300079666078
935,0.00011852999159600586
936,0.00011860199447255582
937,0.00011917800293304026
938,0.00011778900807257742
939,0.00011814299796242267
940,0.00011837598867714405
941,0.00011870100570376962
942,0.00011834299948532134
943,0.00011821500083897263
944,0.00011937798990402371
945,0.00011897199146915227
946,0.00011672799882944673
947,0.00011794100282713771
948,0.0001182269916171208
949,0.00011875999916810542
950,0.00011823300155811012
951,0.000118804004159756
952,0.00011815399921033531
953,0.00011897001240868121
954,0.00011786799586843699
955,0.00011864700354635715
956,0.00011884700506925583
957,0.00011815399921033531
958,0.00011821300722658634
959,0.00011835100303869694
960,0.0001183949934784323
961,0.00011865700071211904
962,0.00011882500257343054
963,0.00011800399806816131
964,0.00011852600437123328
965,0.00011856200580950826
966,0.00011798999912571162
967,0.000118504001875408
968,0.0001185669971164316
969,0.00011839599756058306
970,0.00011881701357197016
971,0.0001183440035674721
972,0.00011805800022557378
973,0.00011873198673129082
974,0.00011823500972241163
975,0.00011844800610560924
976,0.00011875800555571914
977,0.00011833800817839801
978,0.00011831900337710977
979,0.00011866599379573017
980,0.00011812400771304965
981,0.00011956700473092496
982,0.00011735899897757918
983,0.00011866699787788093
984,0.00011828799324575812
985,0.00011818099301308393
986,0.0001193029893329367
987,0.00011757899483200163
988,0.00011890300083905458
989,0.00011804500536527485
990,0.00011808100680354983
991,0.00011913100024685264
992,0.0001184450084110722
993,0.00011612099478952587
994,0.00011838099453598261
995,0.00011804400128312409
996,0.00011817799531854689
997,0.00011890899622812867
998,0.00011797300248872489
999,0.00011853300384245813
1000,0.00011892800102941692
1001,0.00011841200466733426
1002,0.0001185289875138551
1003,0.00011853000614792109
1004,0.00011788199481088668
1005,0.00011838000500574708
1006,0.00011839299986604601
1007,0.0001186159934150055
1008,0.00011815498874057084
1009,0.00012167899694759399
1010,0.00011587599874474108
1011,0.00011779800115618855
1012,0.00012427699402906
1013,0.00011203100439161062
1014,0.00011949799954891205
1015,0.00011830899165943265
1016,0.00011852699390146881
1017,0.00011826300760731101
1018,0.00011897500371560454
1019,0.00011817700578831136
1020,0.00011822099622804672
1021,0.00011884799459949136
1022,0.00011839999933727086
1023,0.00011850299779325724
1024,0.00011822499800473452
1025,0.0001185529981739819
1026,0.00012085100752301514
1027,0.0001161030086223036
1028,0.00011848400754388422
1029,0.00011818300117738545
1030,0.00011879399244207889
1031,0.00011870100570376962
1032,0.00011836599151138216
1033,0.00011822300439234823
1034,0.00011817799531854689
1035,0.0001184110005851835
1036,0.00011842099775094539
1037,0.00011962300050072372
1038,0.00011737400200217962
1039,0.0001186419976875186
1040,0.00011847200221382082
1041,0.00011887600703630596
1042,0.00011828800779767334
1043,0.00011796598846558481
1044,0.00011844700202345848
1045,0.00011863600229844451
1046,0.00011837399506475776
1047,0.0001181840052595362
1048,0.00011898099910467863
1049,0.00011865900887642056
1050,0.00011789899144787341
1051,0.0001183480053441599
1052,0.00011849100701510906
1053,0.00011828899732790887
1054,0.00011842799722217023
1055,0.0001190470065921545
1056,0.00011828199785668403
1057,0.00011835699842777103
1058,0.00011858600191771984
1059,0.0001177709928015247
1060,0.00011842400999739766
1061,0.00011880899546667933
1062,0.00011834500764962286
1063,0.00011854599870275706
1064,0.00011810401338152587
1065,0.00011886098945979029
1066,0.00011853499745484442
1067,0.00011854400509037077
1068,0.00011784900561906397
1069,0.00011899099627044052
1070,0.00012136199802625924
1071,0.00011569401249289513
1072,0.00011766799434553832
1073,0.00011861200619023293
1074,0.00011916000221390277
1075,0.00011784699745476246
1076,0.0001186299923574552
1077,0.00011999500566162169
1078,0.00011699099559336901
1079,0.00011829199502244592
1080,0.0001188809983432293
1081,0.00011907699808944017
1082,0.00011716398876160383
1083,0.00011865500709973276
1084,0.0001186419976875186
1085,0.00011994100350420922
1086,0.00011697299487423152
1087,0.00012100700405426323
1088,0.00011640699813142419
1089,0.00011841401283163577
1090,0.00011823199747595936
1091,0.00011802400695160031
1092,0.00011847198766190559
1093,0.00011880601232405752
1094,0.00011795799946412444
1095,0.00011866800196003169
1096,0.0001183400017907843
1097,0.00011853899923153222
1098,0.00011823400564026088
1099,0.00011861498933285475
1100,0.00011824400280602276
1101,0.00011849500879179686
1102,0.0001186119916383177
1103,0.00011828199785668403
1104,0.0001183869899250567
1105,0.00011887299478985369
1106,0.00011849300062749535
1107,0.00011803799134213477
1108,0.00011874698975589126
1109,0.00011821299267467111
1110,0.00011831799929495901
1111,0.00011830999574158341
1112,0.00011879499652422965
1113,0.00011828800779767334
1114,0.00011972300126217306
1115,0.0001171850017271936
1116,0.00011830699804704636
1117,0.00011896299838554114
1118,0.00011780399654526263
1119,0.00011922200792469084
1120,0.00011798499326687306
1121,0.00011615200492087752
1122,0.00011817899940069765
1123,0.00011874800838995725
1124,0.00011817800987046212
1125,0.00011853400792460889
1126,0.00011829799041152
1127,0.00011870000162161887
1128,0.0001187879970530048
1129,0.00011808398994617164
1130,0.0001182650012196973
1131,0.00011922600970137864
1132,0.00011793999874498695
1133,0.00011851900490000844
1134,0.00011824599641840905
1135,0.00011873799667228013
1136,0.00011872600589413196
1137,0.00011834999895654619
1138,0.00011835400073323399
1139,0.00011813700257334858
1140,0.00011871701281052083
1141,0.00011839800572488457
1142,0.00011888700828421861
1143,0.00011840999650303274
1144,0.00011831299343612045
1145,0.0001189600006910041
1146,0.00011774399899877608
1147,0.00011868300498463213
1148,0.00011866900604218245
1149,0.00011816200276371092
1150,0.00011872299364767969
1151,0.00011840600927826017
1152,0.00012008901103399694
1153,0.00011707701196428388
1154,0.00011851500312332064
1155,0.00011808400449808687
1156,0.0001186030131066218
1157,0.00011860100494232029
1158,0.00012024100578855723
1159,0.00011701999756041914
1160,0.00011803800589405
1161,0.00011865899432450533
1162,0.00011844300024677068
1163,0.00011883499973919243
1164,0.00011793100566137582
1165,0.00011933800124097615
1166,0.00011768599506467581
1167,0.00011893600458279252
1168,0.00012126901128794998
1169,0.0001143039989983663
1170,0.00011865599662996829
1171,0.00011837200145237148
1172,0.00011868600267916918
1173,0.00011843300308100879
1174,0.00011834599717985839
1175,0.00011833899770863354
1176,0.0001185669971164316
1177,0.0001185569999506697
1178,0.00011826999252662063
1179,0.00011834599717985839
1180,0.00011922500561922789
1181,0.00011827000707853585
1182,0.00011731201084330678
1183,0.00011862799874506891
1184,0.00011876500502694398
1185,0.00011858600191771984
1186,0.00011822000669781119
1187,0.00011842200183309615
1188,0.0001184619904961437
1189,0.00011865099077112973
1190,0.00011801900109276175
1191,0.00011875899508595467
1192,0.00011903399717994034
1193,0.00011806699330918491
1194,0.00011812899901997298
1195,0.00011850000009872019
1196,0.0001185120054287836
1197,0.0001183560088975355
1198,0.00011890300083905458
1199,0.00011818499478977174
1200,0.00011848499707411975
1201,0.00011857999197673053
1202,0.00011855800403282046
1203,0.00011795600585173815
1204,0.00011882399849127978
1205,0.00011813799210358411
1206,0.0001189479953609407
1207,0.00011827000707853585
1208,0.00011811598960775882
1209,0.00011892200564034283
1210,0.00011805900430772454
1211,0.00011874899792019278
1212,0.0001181559928227216
1213,0.00011850299779325724
1214,0.00011829599679913372
1215,0.0001189720060210675
1216,0.00011806598922703415
1217,0.00011875299969688058
1218,0.00011856599303428084
1219,0.00011801000800915062
1220,0.00011874799383804202
1221,0.00012054700346197933
1222,0.00011686600919347256
1223,0.00011784699745476246
1224,0.00011879000521730632
1225,0.00011827900016214699
1226,0.00011809199349954724
1227,0.00012004100426565856
1228,0.0001172219926957041
1229,0.00011817699123639613
1230,0.00011853101023007184
1231,0.00011913100024685264
1232,0.0001179550017695874
1233,0.00011900201207026839
1234,0.00011814098979812115
1235,0.0001180059916805476
1236,0.00011863699182868004
1237,0.00011852900206577033
1238,0.00011842499952763319
1239,0.00011837099737022072
1240,0.00011867300781887025
1241,0.0001183159911306575
1242,0.00011858400830533355
1243,0.00011842499952763319
1244,0.00011857700883410871
1245,0.00011812501179520041
1246,0.00011881699902005494
1247,0.00011815500329248607
1248,0.00011854300100822002
1249,0.00011858600191771984
1250,0.00011849100701510906
1251,0.00011830800212919712
1252,0.00011979500413872302
1253,0.00011725400690920651
1254,0.00011812199954874814
1255,0.00011859499500133097
1256,0.00011883699335157871
1257,0.0001172640040749684
1258,0.00011998599802609533
1259,0.00011836900375783443
1260,0.00011814599565695971
1261,0.00011852900206577033
1262,0.00011828700371552259
1263,0.00011938498937524855
1264,0.000117552001029253
1265,0.00011878198711201549
1266,0.00011803201050497591
1267,0.00011863300460390747
1268,0.0001164050045190379
1269,0.00011807099508587271
1270,0.00011868900037370622
1271,0.00011860700033139437
1272,0.00011811600415967405
1273,0.0001188629976240918
1274,0.00011764399823732674
1275,0.00011827600246760994
1276,0.00011837699275929481
1277,0.00011881400132551789
1278,0.00011789800191763788
1279,0.00011888600420206785
1280,0.00011854400509037077
1281,0.00011928699677810073
1282,0.00011746000382117927
1283,0.00011836600606329739
1284,0.00011876699863933027
1285,0.00011862799874506891
1286,0.00011790699500124902
1287,0.00011868000729009509
1288,0.00011831399751827121
1289,0.00012168299872428179
1290,0.00011573800293263048
1291,0.00011968400212936103
1292,0.00011709099635481834
1293,0.00011817499762400985
1294,0.00011923498823307455
1295,0.00011788200936280191
1296,0.00011831200390588492
1297,0.00012239599891472608
1298,0.00011477300722617656
1299,0.00011810401338152587
1300,0.00011837399506475776
1301,0.00011869399168062955
1302,0.00011845299741253257
1303,0.00011886100401170552
1304,0.00011810498835984617
1305,0.00011869399168062955
1306,0.00011917100346181542
1307,0.00011793499288614839
1308,0.00011848000576719642
1309,0.0001179550017695874
1310,0.00011793400335591286
1311,0.00011907299631275237
1312,0.00011808199633378536
1313,0.00011890199675690383
1314,0.00011918299423996359
1315,0.00011727999662980437
1316,0.00011851699673570693
1317,0.00011852598981931806
1318,0.00011890201130881906
1319,0.00011823700333479792
1320,0.00011858501238748431
1321,0.00011822600208688527
1322,0.00011829100549221039
1323,0.00011867500143125653
1324,0.00011855798948090523
1325,0.00011828899732790887
1326,0.00011794301099143922
1327,0.00011893099872395396
1328,0.00011845699918922037
1329,0.00011907400039490312
1330,0.00011773000005632639
1331,0.00011933800124097615
1332,0.0001176959922304377
1333,0.00011833700409624726
1334,0.00011825999536085874
1335,0.00011975600500591099
1336,0.00011766899842768908
1337,0.00011815498874057084
1338,0.000118504001875408
1339,0.00011825001274701208
1340,0.00011824799003079534
1341,0.00011871800234075636
1342,0.00011871999595314264
1343,0.00011806499969679862
1344,0.00011848499707411975
1345,0.00011879799421876669
1346,0.00011848399299196899
1347,0.00011810200521722436
1348,0.00011870199523400515
1349,0.0001182349951704964
1350,0.000118524010758847
1351,0.00011836100020445883
1352,0.00011846900451928377
1353,0.00011874199844896793
1354,0.00011830899165943265
1355,0.00011885500862263143
1356,0.00011819700011983514
1357,0.00011854100739583373
1358,0.0001184110005851835
1359,0.00011820399959105998
1360,0.00011875299969688058
1361,0.0001185289875138551
1362,0.00011808500858023763
1363,0.00011874300253111869
1364,0.00011881400132551789
1365,0.0001184230059152469
1366,0.00011792799341492355
1367,0.00011853998876176775
1368,0.00011832600284833461
1369,0.00011893900227732956
1370,0.0001180540130008012
1371,0.00011835400073323399
1372,0.00011887600703630596
1373,0.0001185160072054714
1374,0.00011815699690487236
1375,0.0001218450051965192
1376,0.00011618700227700174
1377,0.00011777300096582621
1378,0.00011829999857582152
1379,0.00011849100701510906
1380,0.00011858399375341833
1381,0.00011926700244657695
1382,0.0001174990029539913
1383,0.00011867101420648396
1384,0.00011866400018334389
1385,0.00011856800119858235
1386,0.00011816900223493576
1387,0.00012136501027271152
1388,0.00011575000826269388
1389,0.00011845400149468333
1390,0.00011884899868164212
1391,0.00011816300684586167
1392,0.0001181010011350736
1393,0.00011917599476873875
1394,0.00011785000970121473
1395,0.00011862600513268262
1396,0.00011874499614350498
1397,0.00011836699559353292
1398,0.00011843899847008288
1399,0.00011923800047952682
1400,0.00011784100206568837
1401,0.00011870299931615591
1402,0.00011854599870275706
1403,0.00011836999328806996
1404,0.00011839599756058306
1405,0.00011866900604218245
1406,0.00011941899720113724
1407,0.00011723299394361675
1408,0.00011864400585182011
1409,0.000118729003588669
1410,0.00011823300155811012
1411,0.00011880799138452858
1412,0.00011873900075443089
1413,0.00011780399654526263
1414,0.00011848099529743195
1415,0.00011877100041601807
1416,0.0001185870059998706
1417,0.00011852300667669624
1418,0.00012140299077145755
1419,0.00011356300092302263
1420,0.00011887299478985369
1421,0.00011852598981931806
1422,0.00011861498933285475
1423,0.00011888799781445414
1424,0.0001183440035674721
1425,0.00011883600382134318
1426,0.00011764699593186378
1427,0.00011836999328806996
1428,0.00012498899013735354
1429,0.00011300400365144014
1430,0.00011817399354185909
1431,0.00011890099267475307
1432,0.00011830500443466008
1433,0.00011510599870234728
1434,0.00011804500536527485
1435,0.00011794999591074884
1436,0.00011874499614350498
1437,0.00011804999667219818
1438,0.00011844700202345848
1439,0.00011830900621134788
1440,0.00011963400174863636
1441,0.0001175110082840547
1442,0.00011803698725998402
1443,0.00011837799684144557
1444,0.00011876600910909474
1445,0.00011803300003521144
1446,0.00012333500490058213
1447,0.00011018199438694865
1448,0.00011953400098718703
1449,0.00011829800496343523
1450,0.00011885901039931923
1451,0.00011814599565695971
1452,0.00011821399675682187
1453,0.00011860999802593142
1454,0.00011828300193883479
1455,0.00011848699068650603
1456,0.00011841699597425759
1457,0.00011875100608449429
1458,0.00011827099660877138
1459,0.00011829299910459667
1460,0.00011895899660885334
1461,0.00011767000250983983
1462,0.00011870299931615591
1463,0.00011820500367321074
1464,0.00011850798910018057
1465,0.00011882898979820311
1466,0.00011800001084338874
1467,0.00011846800043713301
1468,0.00011851500312332064
1469,0.00011868600267916918
1470,0.00011796900071203709
1471,0.0001185750006698072
1472,0.00011826599074993283
1473,0.00012061400047969073
1474,0.00011661699682008475
1475,0.00011788500705733895
1476,0.0001192659983644262
1477,0.00011781399371102452
1478,0.00011777300096582621
1479,0.00011893200280610472
1480,0.00011824700050055981
1481,0.0001181639963760972
1482,0.0001182690029963851
1483,0.00011959599214605987
1484,0.00011640200682450086
1485,0.00011927299783565104
1486,0.00011901398829650134
1487,0.00011786499817389995
1488,0.00011860299855470657
1489,0.00011858200014103204
1490,0.00012033298844471574
1491,0.00011619800352491438
1492,0.0001184539869427681
1493,0.00011846600682474673
1494,0.00011840899242088199
1495,0.00011858699144795537
1496,0.00011833100870717317
1497,0.0001187590096378699
1498,0.00011847600399050862
1499,0.0001177990052383393
1500,0.00011868499859701842
1501,0.00011880899546667933
1502,0.00011920100951101631
1503,0.0001174180069938302
1504,0.00011842299136333168
1505,0.00011799599451478571
1506,0.00011843899847008288
1507,0.0001205000007757917
1508,0.00011730000551324338
1509,0.00011759399785660207
1510,0.00011825900583062321
1511,0.00011850000009872019
1512,0.00011875299969688058
1513,0.00011846800043713301
1514,0.00011811299191322178
1515,0.00011845100380014628
1516,0.00011864099360536784
1517,0.00011814299796242267
1518,0.00011849698785226792
1519,0.00011820599320344627
1520,0.00011852399620693177
1521,0.00011902798723895103
1522,0.00011822499800473452
1523,0.00011792000441346318
1524,0.00011866098793689162
1525,0.00011867900320794433
1526,0.00011778999760281295
1527,0.00011874700430780649
1528,0.00011851299495901912
1529,0.00011840999650303274
1530,0.00011877001088578254
1531,0.00011801200162153691
1532,0.00011875999916810542
1533,0.00011834199540317059
1534,0.00011844901018776
1535,0.00011812099546659738
1536,0.0001187049929285422
1537,0.00011868198635056615
1538,0.00011804699897766113
1539,0.00011846699635498226
1540,0.00011848499707411975
1541,0.0001186299923574552
1542,0.00011812600132543594
1543,0.00011847801215481013
1544,0.00011875400377903134
1545,0.00011842499952763319
1546,0.00011880500824190676
1547,0.00011797799379564822
1548,0.00011829400318674743
1549,0.0001186039880849421
1550,0.00011831299343612045
1551,0.00011817298945970833
1552,0.0001185489963972941
1553,0.00011886800348293036
1554,0.00011825399997178465
1555,0.00011889899906236678
1556,0.00011782799265347421
1557,0.00011843800893984735
1558,0.00011904900020454079
1559,0.0001174850040115416
1560,0.00011821799853350967
1561,0.00011884399282280356
1562,0.00011823700333479792
1563,0.00011818899656645954
1564,0.0001186829904327169
1565,0.0001189299946418032
1566,0.00011780500062741339
1567,0.00011837700731121004
1568,0.0001187919988296926
1569,0.00011827799607999623
1570,0.00011824000102933496
1571,0.0001184310094686225
1572,0.00011740799527615309
1573,0.00011971300409641117
1574,0.0001180680119432509
1575,0.00011882500257343054
1576,0.00011813399032689631
1577,0.00011845600965898484
1578,0.00012024500756524503
1579,0.00011633899703156203
1580,0.00011850100418087095
1581,0.00011853499745484442
1582,0.00011873400944750756
1583,0.00011846800043713301
1584,0.00011808300041593611
1585,0.00011798299965448678
1586,0.00011916601215489209
1587,0.00011803100642282516
1588,0.00011858899961225688
1589,0.00011850000009872019
1590,0.0001181900006486103
1591,0.00011910300236195326
1592,0.00011808199633378536
1593,0.00011826399713754654
1594,0.00011842799722217023
1595,0.00011949999316129833
1596,0.00011978299880865961
1597,0.00011665299825835973
1598,0.00011743301001843065
1599,0.00011852099851239473
1600,0.0001190309994854033
1601,0.00011842799722217023
1602,0.00011829000141005963
1603,0.00011821900261566043
1604,0.00011854799231514335
1605,0.00011839398939628154
1606,0.00011849700240418315
1607,0.00011836299381684512
1608,0.00011877500219270587
1609,0.0001182650012196973
1610,0.00011816299229394644
1611,0.0001183780113933608
1612,0.00012134799908380955
1613,0.00011627000640146434
1614,0.00011783599620684981
1615,0.00011860200902447104
1616,0.00011848501162603498
1617,0.0001185709988931194
1618,0.00011837900092359632
1619,0.00011455599451437593
1620,0.00011745200026780367
1621,0.00011848700523842126
1622,0.0001181519910460338
1623,0.00011849298607558012
1624,0.0001182529958896339
1625,0.0001187759917229414
1626,0.00011847900168504566
1627,0.00011817800987046212
1628,0.00011863499821629375
1629,0.00011893900227732956
1630,0.00011789699783548713
1631,0.00011827200069092214
1632,0.00011844000255223364
1633,0.00011855199409183115
1634,0.00011837300553452224
1635,0.0001188180031022057
1636,0.00011803100642282516
1637,0.0001229110057465732
1638,0.00011486699804663658
1639,0.0001204330037580803
1640,0.00011594800162129104
1641,0.00011803999950643629
1642,0.00011878598888870329
1643,0.00011809200805146247
1644,0.000118654003017582
1645,0.00011876499047502875
1646,0.000117942996439524
1647,0.00011899499804712832
1648,0.00011821999214589596
1649,0.00011855900811497122
1650,0.00011746700329240412
1651,0.00011923300917260349
1652,0.0001185750006698072
1653,0.00011815100151579827
1654,0.00011847598943859339
1655,0.00011856800119858235
1656,0.00011858799553010613
1657,0.00011823599925264716
1658,0.00011878300574608147
1659,0.00011774600716307759
1660,0.00011864700354635715
1661,0.00011876699863933027
1662,0.0001179879909614101
1663,0.00011865700071211904
1664,0.00011832999007310718
1665,0.00011897399963345379
1666,0.00011833799362648278
1667,0.00011820399959105998
1668,0.00012263399548828602
1669,0.00011516099038999528
1670,0.00011798800551332533
1671,0.0001181980042019859
1672,0.00011835400073323399
1673,0.00011869099398609251
1674,0.0001180139952339232
1675,0.00011871100286953151
1676,0.00011824500688817352
1677,0.0001183949934784323
1678,0.00011892600741703063
1679,0.00011793200974352658
1680,0.00011829899449367076
1681,0.00011853600153699517
1682,0.00011861500388476998
1683,0.00012008799239993095
1684,0.00011679100862238556
1685,0.00011818599887192249
1686,0.00011824700050055981
1687,0.00011899499804712832
1688,0.00011818099301308393
1689,0.00011810699652414769
1690,0.0001184699940495193
1691,0.00011819100473076105
1692,0.00011855500633828342
1693,0.00011835299665108323
1694,0.00011877600627485663
1695,0.00011809500574599952
1696,0.00011881500540766865
1697,0.00011830999574158341
1698,0.00011868699220940471
1699,0.00011780699423979968
1700,0.00011916599760297686
1701,0.00011773100413847715
1702,0.00011860000086016953
1703,0.0001183560088975355
1704,0.00011862101382575929
1705,0.00011864099360536784
1706,0.0001187330053653568
1707,0.00011759399785660207
1708,0.00011875201016664505
1709,0.0001183869899250567
1710,0.00011818700295407325
1711,0.000118579002446495
1712,0.00011852799798361957
1713,0.00011895099305547774
1714,0.00011842200183309615
1715,0.00011775799794122577
1716,0.00011864100815728307
1717,0.00011825498950202018
1718,0.00011823000386357307
1719,0.00011832801101263613
1720,0.00011898500088136643
1721,0.00011860700033139437
1722,0.00011847598943859339
1723,0.000117888004751876
1724,0.00011872300819959491
1725,0.00011806399561464787
1726,0.00011864100815728307
1727,0.00011828700371552259
1728,0.00011837200145237148
1729,0.00011861500388476998
1730,0.0001187129964819178
1731,0.00011875299969688058
1732,0.00011791200086008757
1733,0.00011853800970129669
1734,0.0001181840052595362
1735,0.00011818199709523469
1736,0.00011863200052175671
1737,0.00011883600382134318
1738,0.000118017997010611
1739,0.00011837499914690852
1740,0.00011867600551340729
1741,0.00011822400847449899
1742,0.00011853800970129669
1743,0.00011808100680354983
1744,0.00011882399849127978
1745,0.00011843499669339508
1746,0.00011816898768302053
1747,0.00011845100380014628
1748,0.00011867099965456873
1749,0.00012184199295006692
1750,0.00011492699559312314
1751,0.00011858298967126757
1752,0.00011907100270036608
1753,0.00011833899770863354
1754,0.00011771699064411223
1755,0.00011715000437106937
1756,0.0001198760000988841
1757,0.00011858200014103204
1758,0.0001188429887406528
1759,0.00011755399464163929
1760,0.00011871701281052083
1761,0.00011880999954883009
1762,0.00011819798965007067
1763,0.0001182389969471842
1764,0.00011868101137224585
1765,0.00011803999950643629
1766,0.0001191180053865537
1767,0.0001180889958050102
1768,0.00011843300308100879
1769,0.00011865099077112973
1770,0.00011828800779767334
1771,0.0001183019921882078
1772,0.00011862600513268262
1773,0.00011845999688375741
1774,0.00011883300612680614
1775,0.00011825701221823692
1776,0.00011852399620693177
1777,0.00011862200335599482
1778,0.00012040500587318093
1779,0.0001166989968623966
1780,0.00011824599641840905
1781,0.00011812499724328518
1782,0.00011825999536085874
1783,0.00011898200318682939
1784,0.00011824000102933496
1785,0.00011870299931615591
1786,0.00011834398901555687
1787,0.00011796099715866148
1788,0.00011871899187099189
1789,0.0001184980064863339
1790,0.00011832101154141128
1791,0.00011842598905786872
1792,0.0001185750006698072
1793,0.00011869300215039402
1794,0.0001180059916805476
1795,0.00011848899885080755
1796,0.00011877701035700738
1797,0.00011834199540317059
1798,0.00011818700295407325
1799,0.00011850899318233132
1800,0.00011831401207018644
1801,0.00011907100270036608
1802,0.00011794199235737324
1803,0.0001183019921882078
1804,0.00011891699978150427
1805,0.00011835999612230808
1806,0.00011823500972241163
1807,0.00011835400073323399
1808,0.00011872498726006597
1809,0.00011849901056848466
1810,0.00011828099377453327
1811,0.00011796499893534929
1812,0.00011851800081785768
1813,0.00011851399904116988
1814,0.00011856300989165902
1815,0.00011812899901997298
1816,0.00011853099567815661
1817,0.00011901999823749065
1818,0.0001181010011350736
1819,0.00011810599244199693
1820,0.00011862399696838111
1821,0.00011832900054287165
1822,0.00011836399789899588
1823,0.00011864000407513231
1824,0.00011803999950643629
1825,0.00011877701035700738
1826,0.00011734500003512949
1827,0.0001195130025735125
1828,0.00011810999421868473
1829,0.00011829499271698296
1830,0.00011824999819509685
1831,0.00011858400830533355
1832,0.00011948500468861312
1833,0.00011841599189210683
1834,0.0001174890057882294
1835,0.00011871200695168227
1836,0.00011839100625365973
1837,0.00011793199519161135
1838,0.00011845699918922037
1839,0.00011832700693048537
1840,0.00011853899923153222
1841,0.00011877500219270587
1842,0.00011838099453598261
1843,0.00011831900337710977
1844,0.0001184900029329583
1845,0.00011834999895654619
1846,0.0001214460062328726
1847,0.0001160629908554256
1848,0.00011787000403273851
1849,0.0001221189886564389
1850,0.00011546499445103109
1851,0.0001173430064227432
1852,0.00011901999823749065
1853,0.00011839599756058306
1854,0.00011860800441354513
1855,0.00011811799777206033
1856,0.0001202449930133298
1857,0.00011707399971783161
1858,0.00011843400716315955
1859,0.00011766300303861499
1860,0.0001187250018119812
1861,0.00011831600568257272
1862,0.00011891699978150427
1863,0.00011790099961217493
1864,0.00011865100532304496
1865,0.00011855099000968039
1866,0.00011872699542436749
1867,0.0001176209916593507
1868,0.0001191100018331781
1869,0.00011797300248872489
1870,0.00011877699580509216
1871,0.00011825599358417094
1872,0.00011843899847008288
1873,0.00011873099720105529
1874,0.00011867799912579358
1875,0.00011780600470956415
1876,0.00011874899792019278
1877,0.00011794999591074884
1878,0.00011869199806824327
1879,0.00011880199599545449
1880,0.00011831399751827121
1881,0.00011866599379573017
1882,0.00011830200674012303
1883,0.0001201450068037957
1884,0.00011670400272123516
1885,0.00011850000009872019
1886,0.00011862900282721967
1887,0.00011818599887192249
1888,0.00011863499821629375
1889,0.00011861399980261922
1890,0.00011820399959105998
1891,0.000118504001875408
1892,0.00011860599624924362
1893,0.0001181900006486103
1894,0.00011897098738700151
1895,0.00011806799739133567
1896,0.00011818099301308393
1897,0.00011937299859710038
1898,0.00011773999722208828
1899,0.00011827000707853585
1900,0.00011925300350412726
1901,0.00011795600585173815
1902,0.00011850200826302171
1903,0.00011873000767081976
1904,0.00011821200314443558
1905,0.00011857200297527015
1906,0.00011862498649861664
1907,0.00011805299436673522
1908,0.00011855199409183115
1909,0.00011871499009430408
1910,0.00011833499593194574
1911,0.00011836600606329739
1912,0.00011841699597425759
1913,0.00011862099927384406
1914,0.00011853400792460889
1915,0.00011814000026788563
1916,0.00011875700147356838
1917,0.00011819601058959961
1918,0.0001210289919981733
1919,0.00011707500379998237
1920,0.00011762199574150145
1921,0.00011743800132535398
1922,0.0001191810006275773
1923,0.00011873499897774309
1924,0.00011834200995508581
1925,0.00011795600585173815
1926,0.00011837700731121004
1927,0.0001222930004587397
1928,0.00011479599925223738
1929,0.00011865500709973276
1930,0.00011818300117738545
1931,0.00011850199371110648
1932,0.00011860900849569589
1933,0.0001184900029329583
1934,0.00011803201050497591
1935,0.0001210870104841888
1936,0.00011644199548754841
1937,0.00011791499855462462
1938,0.00011785200331360102
1939,0.00011842499952763319
1940,0.000118504001875408
1941,0.00011832499876618385
1942,0.00011879300291184336
1943,0.00011819099017884582
1944,0.00011824599641840905
1945,0.00011858799553010613
1946,0.00011853998876176775
1947,0.0001182309933938086
1948,0.00011858099605888128
1949,0.00011831399751827121
1950,0.0001184699940495193
1951,0.00011822799569927156
1952,0.00011924499995075166
1953,0.00011800699576269835
1954,0.00011928399908356369
1955,0.00011772100697271526
1956,0.00011797199840657413
1957,0.00011845100380014628
1958,0.00011971099593210965
1959,0.00011726199591066688
1960,0.00011840400111395866
1961,0.00011896200885530561
1962,0.00011796399485319853
1963,0.00011835599434562027
1964,0.00011850499140564352
1965,0.00011830400035250932
1966,0.00011852700845338404
1967,0.00011883300612680614
1968,0.00011885201092809439
1969,0.00011885500862263143
1970,0.00011751800775527954
1971,0.00011861699749715626
1972,0.00011883300612680614
1973,0.00011772099242080003
1974,0.00011835999612230808
1975,0.00011846299457829446
1976,0.0001184230059152469
1977,0.00011852099851239473
1978,0.00011836599151138216
1979,0.00011831300798803568
1980,0.00011871200695168227
1981,0.00011837000783998519
1982,0.0001182529958896339
1983,0.0001186789886560291
1984,0.00011815500329248607
1985,0.00011864300176966935
1986,0.00011837799684144557
1987,0.00011830800212919712
1988,0.00011899099627044052
1989,0.00011796900071203709
1990,0.00011848100984934717
1991,0.0001181980042019859
1992,0.00011862599058076739
1993,0.00011904501297976822
1994,0.00011765099770855159
1995,0.00011858099605888128
1996,0.00011834899487439543
1997,0.00011833399184979498
1998,0.00011875599739141762
1999,0.0001181390107376501
2000,0.00011835999612230808
2001,0.00011846300913020968
2002,0.00011893801274709404
2003,0.00011771000572480261
2004,0.00011839500803034753
2005,0.00011860400263685733
2006,0.0001182020059786737
2007,0.0001184310094686225
2008,0.00011888700828421861
2009,0.00011771501158364117
2010,0.00012132800475228578
2011,0.00011625299521256238
2012,0.0001177039957838133
2013,0.00011858801008202136
2014,0.00011848400754388422
2015,0.00012246699770912528
2016,0.0001147170114563778
2017,0.00011820699728559703
2018,0.00011831099982373416
2019,0.00011869799345731735
2020,0.00011866900604218245
2021,0.00011822099622804672
2022,0.00011838499631267041
2023,0.00011817998893093318
2024,0.00011840899242088199
2025,0.00011904099665116519
2026,0.00011814299796242267
2027,0.00011799499043263495
2028,0.00011909600289072841
2029,0.00011812000593636185
2030,0.00011811099830083549
2031,0.0001184900029329583
2032,0.00012062900350429118
2033,0.00011706500663422048
2034,0.0001174990029539913
2035,0.00011848700523842126
2036,0.00011913500202354044
2037,0.00011793100566137582
2038,0.00011881499085575342
2039,0.00011854400509037077
2040,0.00011775200255215168
2041,0.00011868799629155546
2042,0.00011829500726889819
2043,0.00011837399506475776
2044,0.00011873299081344157
2045,0.00011817400809377432
2046,0.00011827499838545918
2047,0.00011862099927384406
2048,0.00011838899808935821
2049,0.00011883200204465538
2050,0.00011880601232405752
2051,0.00011807300325017422
2052,0.00011811600415967405
2053,0.00011862099927384406
2054,0.00011908500164281577
2055,0.00011967599857598543
2056,0.00011704000644385815
2057,0.000118113006465137
2058,0.00011844300024677068
2059,0.00011803700181189924
2060,0.00011864899715874344
2061,0.0001186700101243332
2062,0.00011843099491670728
2063,0.00011729000834748149
2064,0.00011762799113057554
2065,0.00011849099246319383
2066,0.0001184069988084957
2067,0.00011828899732790887
2068,0.00011854800686705858
2069,0.00011836200428660959
2070,0.00011829599679913372
2071,0.00011877500219270587
2072,0.00011883399565704167
2073,0.00011808599811047316
2074,0.00011946399172302336
2075,0.00011733798601198941
2076,0.00011837900092359632
2077,0.00011838399223051965
2078,0.00011858699144795537
2079,0.00011802399239968508
2080,0.0001188549940707162
2081,0.00011880999954883009
2082,0.0001175399956991896
2083,0.00011900500976480544
2084,0.00011806600377894938
2085,0.0001192780036944896
2086,0.00011806700786110014
2087,0.0001175740035250783
2088,0.00011874800838995725
2089,0.0001187129964819178
2090,0.00011805701069533825
2091,0.0001186039880849421
2092,0.00011828399146907032
2093,0.00011831300798803568
2094,0.00011869599984493107
2095,0.00011814499157480896
2096,0.00011872700997628272
2097,0.00011932301276829094
2098,0.00011817799531854689
2099,0.00011789899144787341
2100,0.00011840199294965714
2101,0.00011838600039482117
2102,0.00011844300024677068
2103,0.00011856599303428084
2104,0.00011844300024677068
2105,0.00011833698954433203
2106,0.00011825999536085874
2107,0.0001189760077977553
2108,0.00011889799498021603
2109,0.00011620500299613923
2110,0.00011923001147806644
2111,0.00011808800627477467
2112,0.00011850199371110648
2113,0.00011865299893543124
2114,0.00011795599129982293
2115,0.00011875299969688058
2116,0.0001181980042019859
2117,0.00011840400111395866
2118,0.0001189090107800439
2119,0.00011815500329248607
2120,0.00011971600179094821
2121,0.00011722499039024115
2122,0.00011811600415967405
2123,0.0001184699940495193
2124,0.0001188300084322691
2125,0.00011816500045824796
2126,0.00011821900261566043
2127,0.00011844800610560924
2128,0.00011846098641399294
2129,0.00011881599493790418
2130,0.00011813099263235927
2131,0.00011851299495901912
2132,0.00011837099737022072
2133,0.00011978999827988446
2134,0.00011727499077096581
2135,0.00011831498704850674
2136,0.0001186829904327169
2137,0.00011897699732799083
2138,0.00011752000136766583
2139,0.00011869400623254478
2140,0.00011859800724778324
2141,0.00011831099982373416
2142,0.00011870000162161887
2143,0.00011831500160042197
2144,0.00011837101192213595
2145,0.00011875999916810542
2146,0.00011834899487439543
2147,0.00011836900375783443
2148,0.00011068300227634609
2149,0.00011947299935854971
2150,0.00011841200466733426
2151,0.00011813700257334858
2152,0.00011881899263244122
2153,0.00011841399827972054
2154,0.00011819500650744885
2155,0.00011862399696838111
2156,0.00011830701259896159
2157,0.00011838899808935821
2158,0.00011936800729017705
2159,0.00011814499157480896
2160,0.00011835499026346952
2161,0.0001189600006910041
2162,0.00011761600035242736
2163,0.00011874199844896793
2164,0.00011958599498029798
2165,0.00011729401012416929
2166,0.00011840600927826017
2167,0.00011873200128320605
2168,0.00011960300616919994
2169,0.0001172600022982806
2170,0.00011827900016214699
2171,0.00012007899931631982
2172,0.00011668000661302358
2173,0.00011880698730237782
2174,0.00011788799019996077
2175,0.00011844899563584477
2176,0.00011870800517499447
2177,0.00011860899394378066
2178,0.00011807300325017422
2179,0.0001186159934150055
2180,0.00011859199730679393
2181,0.00011999899288639426
2182,0.0001166400033980608
2183,0.00011819700011983514
2184,0.00011862200335599482
2185,0.00011903401173185557
2186,0.00011758599430322647
2187,0.00011859499500133097
2188,0.00011840100341942161
2189,0.0001183360000140965
2190,0.00011797000479418784
2191,0.00011865398846566677
2192,0.00011862200335599482
2193,0.00011822700616903603
2194,0.00011857799836434424
2195,0.00011815399921033531
2196,0.00011808800627477467
2197,0.0001189640024676919
2198,0.00011811999138444662
2199,0.00011814699973911047
2200,0.00011884600098710507
2201,0.00011847299174405634
2202,0.00011810800060629845
2203,0.00011898900265805423
2204,0.00011794499005191028
2205,0.000118504001875408
2206,0.00011837799684144557
2207,0.00011852399620693177
2208,0.00011849099246319383
2209,0.00011880300007760525
2210,0.00011814200843218714
2211,0.00011845999688375741
2212,0.00011826999252662063
2213,0.00011822101077996194
2214,0.00011860100494232029
2215,0.00011870700109284371
2216,0.00011844999971799552
2217,0.00011831898882519454
2218,0.00011843499669339508
2219,0.00011825200635939837
2220,0.00011877699580509216
2221,0.00011812998855020851
2222,0.00011822200031019747
2223,0.00011890800669789314
2224,0.00011816300684586167
2225,0.00011858499783556908
2226,0.00011805500253103673
2227,0.00011885698768310249
2228,0.0001181270054075867
2229,0.00011990500206593424
2230,0.00011731999984476715
2231,0.00011799800267908722
2232,0.00011853101023007184
2233,0.00011883600382134318
2234,0.00011782400542870164
2235,0.0001225970045197755
2236,0.00011334099690429866
2237,0.00011967700265813619
2238,0.00011841199011541903
2239,0.00011805500253103673
2240,0.00011865398846566677
2241,0.00011854700278490782
2242,0.00011835500481538475
2243,0.00011893799819517881
2244,0.00011793199519161135
2245,0.00011873299081344157
2246,0.00011703500058501959
2247,0.00012011399667244405
2248,0.00011802899825852364
2249,0.00011842000822070986
2250,0.00011813800665549934
2251,0.00011862300743814558
2252,0.00012267701094970107
2253,0.00011263499618507922
2254,0.00011934999201912433
2255,0.00011895499483216554
2256,0.00011812099546659738
2257,0.00011880500824190676
2258,0.00011799098865594715
2259,0.0001191990013467148
2260,0.00011830899165943265
2261,0.0001230429916176945
2262,0.0001135829952545464
2263,0.00011897498916368932
2264,0.00011811900185421109
2265,0.00011828899732790887
2266,0.00011843399261124432
2267,0.00011871400056406856
2268,0.00011783500667661428
2269,0.0001206010056193918
2270,0.00011630399967543781
2271,0.00011849599832203239
2272,0.00011876800272148103
2273,0.00011920799443032593
2274,0.00011724699288606644
2275,0.00011890499445144087
2276,0.00011811099830083549
2277,0.00011846300913020968
2278,0.000118674011901021
2279,0.00011830600851681083
2280,0.00011850798910018057
2281,0.00011886500578839332
2282,0.00011804800305981189
2283,0.0001183279964607209
2284,0.00011862900282721967
2285,0.00011901400284841657
2286,0.00011846500274259597
2287,0.00011758800246752799
2288,0.00011888699373230338
2289,0.00011853700561914593
2290,0.00011858099605888128
2291,0.00011808199633378536
2292,0.0001183059939648956
2293,0.00011977000394836068
2294,0.00011711899423971772
2295,0.00011830500443466008
2296,0.00011885700223501772
2297,0.00011830899165943265
2298,0.00011790799908339977
2299,0.00011941400589421391
2300,0.00011802099470514804
2301,0.00011816300684586167
2302,0.00011921000259462744
2303,0.0001175659999717027
2304,0.00011845499102491885
2305,0.00011861800157930702
2306,0.00011822300439234823
2307,0.00011858101061079651
2308,0.00011879799421876669
2309,0.00011847699352074414
2310,0.00011861899110954255
2311,0.00011831099982373416
2312,0.0001178620004793629
2313,0.00011846100096590817
2314,0.00011833100870717317
2315,0.00011869501031469554
2316,0.00011801300570368767
2317,0.0001185709988931194
2318,0.00011827499838545918
2319,0.00011843199899885803
2320,0.00011825399997178465
2321,0.00011904200073331594
2322,0.00011804499081335962
2323,0.00011859000369440764
2324,0.00011949299369007349
2325,0.00011747099051717669
2326,0.00011855500633828342
2327,0.00011373800225555897
2328,0.00011758400069084018
2329,0.00011854199692606926
2330,0.000118242998723872
2331,0.00011842399544548243
2332,0.00011844800610560924
2333,0.00011843700485769659
2334,0.00011852200259454548
2335,0.0001191140036098659
2336,0.00011749500117730349
2337,0.00011860200902447104
2338,0.0001182650012196973
2339,0.00011857200297527015
2340,0.00011816900223493576
2341,0.00012008901103399694
2342,0.00011672500113490969
2343,0.00011885400454048067
2344,0.00011824199464172125
2345,0.00011895300121977925
2346,0.00011793999874498695
2347,0.0001231640053447336
2348,0.00011467000877019018
2349,0.00011751698912121356
2350,0.00012037900160066783
2351,0.00011683900083880872
2352,0.00011866699787788093
2353,0.00011828399146907032
2354,0.00011770000855904073
2355,0.00011845999688375741
2356,0.00011861100210808218
2357,0.00011854300100822002
2358,0.00011845999688375741
2359,0.0001183400017907843
2360,0.00011912800255231559
2361,0.00011798201012425125
2362,0.00011808398994617164
2363,0.00011816500045824796
2364,0.00011891800386365503
2365,0.00011837300553452224
2366,0.0001183019921882078
2367,0.00011873900075443089
2368,0.00011814299796242267
2369,0.00011906398867722601
2370,0.00011779299529734999
2371,0.00011860999802593142
2372,0.00011860100494232029
2373,0.00011818201164714992
2374,0.00011876699863933027
2375,0.00011798201012425125
2376,0.00011854399053845555
2377,0.00011869099398609251
2378,0.00011828199785668403
2379,0.00011828700371552259
2380,0.00011851100134663284
2381,0.0001184579887194559
2382,0.00011881699902005494
2383,0.00011837699275929481
2384,0.00011825100227724761
2385,0.000118654003017582
2386,0.00011848800932057202
2387,0.00011812600132543594
2388,0.00011871100286953151
2389,0.00011809599527623504
2390,0.0001186159934150055
2391,0.00011830800212919712
2392,0.00011852900206577033
2393,0.00011906601139344275
2394,0.00011788899428211153
2395,0.00011954799992963672
2396,0.00011746199743356556
2397,0.00011851498857140541
2398,0.00011842598905786872
2399,0.00011830398580059409
2400,0.00011900499521289021
2401,0.0001184029970318079
2402,0.0001180849940283224
2403,0.00011869899753946811
2404,0.00011850000009872019
2405,0.00011791499855462462
2406,0.00011853399337269366
2407,0.00011866199201904237
2408,0.0001183869899250567
2409,0.00011863099643960595
2410,0.00011858399375341833
2411,0.00011828700371552259
2412,0.0001170639880001545
2413,0.00011969199113082141
2414,0.00011811999138444662
2415,0.00011860400263685733
2416,0.00011844199616461992
2417,0.00011875899508595467
2418,0.00011967399041168392
2419,0.00011756698950193822
2420,0.00011769800039473921
2421,0.00011877799988724291
2422,0.00011818599887192249
2423,0.00011851399904116988
2424,0.00011803300003521144
2425,0.00011912899208255112
2426,0.00011821399675682187
2427,0.00011809899297077209
2428,0.00011851798626594245
2429,0.00011905199789907783
2430,0.00011899700621142983
2431,0.0001233910006703809
2432,0.00011167200864292681
2433,0.00011949600593652576
2434,0.00011820100189652294
2435,0.0001228829933097586
2436,0.00011258799349889159
2437,0.00011979900591541082
2438,0.00011831700976472348
2439,0.00011909198656212538
2440,0.00011813698802143335
2441,0.00011842400999739766
2442,0.00011794199235737324
2443,0.00011850499140564352
2444,0.00011836399789899588
2445,0.00011829999857582152
2446,0.00011845100380014628
2447,0.00011849199654534459
2448,0.00011817000631708652
2449,0.00011899499804712832
2450,0.00011832600284833461
2451,0.00011825599358417094
2452,0.00011870799062307924
2453,0.00011814000026788563
2454,0.00011827499838545918
2455,0.00011822799569927156
2456,0.0001188809983432293
2457,0.0001182309933938086
2458,0.00011811999138444662
2459,0.00011861899110954255
2460,0.00011847200221382082
2461,0.00011863801046274602
2462,0.00011799999629147351
2463,0.00011885400454048067
2464,0.00011814699973911047
2465,0.00011903999256901443
2466,0.0001181760017061606
2467,0.00011820900544989854
2468,0.0001183640124509111
2469,0.00011855400225613266
2470,0.00012324200361035764
2471,0.00011315599840600044
2472,0.00011874300253111869
2473,0.00011874499614350498
2474,0.00011841800005640835
2475,0.00011826299305539578
2476,0.0001185529981739819
2477,0.00011855899356305599
2478,0.00011805900430772454
2479,0.00011859199730679393
2480,0.00011845899280160666
2481,0.00011859499500133097
2482,0.00011898699449375272
2483,0.00011767800606321543
2484,0.00011826999252662063
2485,0.00011907899170182645
2486,0.00011852200259454548
2487,0.00011808999988716096
2488,0.00011843600077554584
2489,0.00011827900016214699
2490,0.0001184069988084957
2491,0.00011883900151588023
2492,0.00011808599811047316
2493,0.00011854199692606926
2494,0.00011844599794130772
2495,0.00011832600284833461
2496,0.00011850699956994504
2497,0.00011839999933727086
2498,0.00011810299474745989
2499,0.00011850900773424655
2500,0.00011922199337277561
2501,0.00011744799849111587
2502,0.00011922098929062486
2503,0.00011777100735343993
2504,0.00011858598736580461
2505,0.00011867900320794433
2506,0.0001210449991049245
2507,0.00011567199544515461
2508,0.00011805900430772454
2509,0.00011891199392266572
2510,0.00011879399244207889
2511,0.00011768599506467581
2512,0.00011869899753946811
2513,0.0001184940047096461
2514,0.00011817499762400985
2515,0.00011857700883410871
2516,0.00011825100227724761
2517,0.00011952199565712363
2518,0.00011746199743356556
2519,0.00011850098962895572
2520,0.00011825100227724761
2521,0.00011874099436681718
2522,0.00011837999045383185
2523,0.0001223840081365779
2524,0.0001152159966295585
2525,0.00011802100925706327
2526,0.00011836100020445883
2527,0.00011807700502686203
2528,0.0001185830042231828
2529,0.00011834299948532134
2530,0.00011885300045832992
2531,0.00011816198821179569
2532,0.0001183560088975355
2533,0.00011851701128762215
2534,0.00011855601042043418
2535,0.00011833899770863354
2536,0.00011859201185870916
2537,0.00011841098603326827
2538,0.00011806499969679862
2539,0.00011827099660877138
2540,0.00012530299136415124
2541,0.00011103300494141877
2542,0.0001194669894175604
2543,0.00011766298848669976
2544,0.00011867399734910578
2545,0.00011852900206577033
2546,0.00011815299512818456
2547,0.00011830400035250932
2548,0.00011900499521289021
2549,0.00011834999895654619
2550,0.000118167998152785
2551,0.00011854100739583373
2552,0.00011870900925714523
2553,0.00011813899618573487
2554,0.0001189479953609407
2555,0.00011797000479418784
2556,0.00011826399713754654
2557,0.00011938899115193635
2558,0.00011739099863916636
2559,0.0001184900029329583
2560,0.00011895099305547774
2561,0.00011853199976030737
2562,0.00011786399409174919
2563,0.00011865700071211904
2564,0.00011824900866486132
2565,0.00011845999688375741
2566,0.00011851798626594245
2567,0.00011842898675240576
2568,0.00011765499948523939
2569,0.00011875400377903134
2570,0.00011833799362648278
2571,0.0001182810083264485
2572,0.00011850499140564352
2573,0.00011869700392708182
2574,0.00011781598732341081
2575,0.00011860000086016953
2576,0.00011853399337269366
2577,0.00011883600382134318
2578,0.00011885100684594363
2579,0.00011793000157922506
2580,0.00011813199671451002
2581,0.00011891699978150427
2582,0.00011798499326687306
2583,0.0001239929988514632
2584,0.00011226000788155943
2585,0.0001205180014949292
2586,0.00011690099199768156
2587,0.00011868300498463213
2588,0.00011806299153249711
2589,0.00011861500388476998
2590,0.00011850699956994504
2591,0.00011808999988716096
2592,0.00011855900811497122
2593,0.00011863200052175671
2594,0.00011827299022115767
2595,0.00012016500113531947
2596,0.00011756300227716565
2597,0.00011760900088120252
2598,0.00011841299419756979
2599,0.00011854799231514335
2600,0.00011842200183309615
2601,0.0001184860011562705
2602,0.0001186419976875186
2603,0.0001181350089609623
2604,0.00011837299098260701
2605,0.00011921000259462744
2606,0.00011784200614783913
2607,0.00011845299741253257
2608,0.00011857300705742091
2609,0.00011847499990835786
2610,0.00011818199709523469
2611,0.00011884300329256803
2612,0.00011924900172743946
2613,0.00011742299830075353
2614,0.00011865500709973276
2615,0.00011814999743364751
2616,0.00011870899470523
2617,0.00011849899601656944
2618,0.00012102100299671292
2619,0.00011643600009847432
2620,0.00011779699707403779
2621,0.0001185750006698072
2622,0.00011839199578389525
2623,0.00011837900092359632
2624,0.00011044999700970948
2625,0.00011953299690503627
2626,0.00011850798910018057
2627,0.0001178840029751882
2628,0.00011850000009872019
2629,0.0001186419976875186
2630,0.00011842699314001948
2631,0.00011870599701069295
2632,0.00011833000462502241
2633,0.0001185449946206063
2634,0.00011818601342383772
2635,0.00011890000314451754
2636,0.00011795699538197368
2637,0.00011858998914249241
2638,0.0001188469905173406
2639,0.00011821099906228483
2640,0.00011882800026796758
2641,0.00011813199671451002
2642,0.00011851899034809321
2643,0.00011826700938399881
2644,0.00011877900396939367
2645,0.00011884300329256803
2646,0.00011777399049606174
2647,0.00011881100363098085
2648,0.0001187210000352934
2649,0.00011801598884630948
2650,0.0001186379959108308
2651,0.00011817998893093318
2652,0.00011888699373230338
2653,0.00011904200073331594
2654,0.0001175279903691262
2655,0.00011866999557241797
2656,0.00011872600589413196
2657,0.00011854399053845555
2658,0.00011810800060629845
2659,0.00011864100815728307
2660,0.00011790200369432569
2661,0.00011843799438793212
2662,0.00011860800441354513
2663,0.00011851399904116988
2664,0.00011850000009872019
2665,0.00011866400018334389
2666,0.00011841299419756979
2667,0.00011787500989157706
2668,0.00012012799561489373
2669,0.00011894099588971585
2670,0.0001163380075013265
2671,0.00011872200411744416
2672,0.0001183440035674721
2673,0.00011852699390146881
2674,0.00011831200390588492
2675,0.00011879000521730632
2676,0.00011807700502686203
2677,0.00011886301217600703
2678,0.00011821099906228483
2679,0.0001235779927810654
2680,0.00011266500223428011
2681,0.00011942799028474838
2682,0.0001185610017273575
2683,0.00011725899821612984
2684,0.00011937299859710038
2685,0.00011840900697279721
2686,0.0001184860011562705
2687,0.00011844999971799552
2688,0.00011834299948532134
2689,0.00011966600141022354
2690,0.00011724300566129386
2691,0.00011821600492112339
2692,0.00011940200056415051
2693,0.0001177079975605011
2694,0.00011786000686697662
2695,0.00011835299665108323
2696,0.00011881499085575342
2697,0.00011829900904558599
2698,0.00011875199561472982
2699,0.00011785099923145026
2700,0.00011893799819517881
2701,0.00011862300743814558
2702,0.00011807501141447574
2703,0.00011859000369440764
2704,0.00011825600813608617
2705,0.00011853099567815661
2706,0.00012051498924847692
2707,0.0001161840045824647
2708,0.00011891999747604132
2709,0.000118017997010611
2710,0.00011929399624932557
2711,0.0001177240046672523
2712,0.00011856200580950826
2713,0.00011819599603768438
2714,0.0001187210000352934
2715,0.00011907600855920464
2716,0.00011780599015764892
2717,0.00011847200221382082
2718,0.00011835499026346952
2719,0.00011881299724336714
2720,0.0001183360000140965
2721,0.00011858099605888128
2722,0.00011823998647741973
2723,0.00011953199282288551
2724,0.00011697999434545636
2725,0.00011875899508595467
2726,0.0001181639963760972
2727,0.00011880099191330373
2728,0.00011832900054287165
2729,0.00011856899072881788
2730,0.00011831099982373416
2731,0.0001184029970318079
2732,0.00011826799891423434
2733,0.00011864300176966935
2734,0.00011838899808935821
2735,0.00011916999937966466
2736,0.00011803500819951296
2737,0.00011839100625365973
2738,0.00011812499724328518
2739,0.0001190269977087155
2740,0.00011987899779342115
2741,0.00011688400991261005
2742,0.00011787000403273851
2743,0.00011860099039040506
2744,0.00011879100929945707
2745,0.0001185120054287836
2746,0.00011836999328806996
2747,0.00011816999176517129
2748,0.00011836198973469436
2749,0.00011860100494232029
2750,0.00011839700164273381
2751,0.00011861699749715626
2752,0.00011880999954883009
2753,0.0001182730047730729
2754,0.000118072988698259
2755,0.00011835500481538475
2756,0.00011817300401162356
2757,0.00011898799857590348
2758,0.00011826200352516025
2759,0.00011825399997178465
2760,0.00011840100341942161
2761,0.0001186500012408942
2762,0.00011869399168062955
2763,0.0001184779976028949
2764,0.00011817899940069765
2765,0.00013238000974524766
2766,0.00012175699521321803
2767,0.00011794599413406104
2768,0.00011840798833873123
2769,0.00011868700676131994
2770,0.00011879700468853116
2771,0.00011810498835984617
2772,0.00011771099525503814
2773,0.00011814500612672418
2774,0.00011839700164273381
2775,0.00011777700274251401
2776,0.0001191019982798025
2777,0.00011850299779325724
2778,0.00011761298810597509
2779,0.00011845899280160666
2780,0.00011851500312332064
2781,0.00011988100595772266
2782,0.00011708600504789501
2783,0.00011783900845330209
2784,0.00011818700295407325
2785,0.00011838499631267041
2786,0.00011814900790341198
2787,0.0001187919988296926
2788,0.00011841299419756979
2789,0.00011822200031019747
2790,0.00011834999895654619
2791,0.00011775300663430244
2792,0.00011882599210366607
2793,0.00011835900659207255
2794,0.00011861299572046846
2795,0.00011807499686256051
2796,0.00011841299419756979
2797,0.00011827900016214699
2798,0.00011861200619023293
2799,0.00011772700236178935
2800,0.00011873099720105529
2801,0.00011821399675682187
2802,0.00011838600039482117
2803,0.00011825599358417094
2804,0.00012155700824223459
2805,0.00011524099681992084
2806,0.00011801200162153691
2807,0.0001184190041385591
2808,0.00011833300231955945
2809,0.00011813199671451002
2810,0.00011832099698949605
2811,0.00011844899563584477
2812,0.00011836299381684512
2813,0.00011824199464172125
2814,0.00011827399430330843
2815,0.00011956399248447269
2816,0.00011709101090673357
2817,0.0001189259928651154
2818,0.00011783400259446353
2819,0.00011845500557683408
2820,0.00011757999891415238
2821,0.0001184819993795827
2822,0.00011811999138444662
2823,0.00011838300270028412
2824,0.0001182609994430095
2825,0.00011727398668881506
2826,0.00011932999768760055
2827,0.00011833799362648278
2828,0.00011833099415525794
2829,0.00011827000707853585
2830,0.00011832598829641938
2831,0.00011817499762400985
2832,0.00011893799819517881
2833,0.00011780999193433672
2834,0.00011844700202345848
2835,0.0001183560088975355
2836,0.00011847700807265937
2837,0.00011795299360528588
2838,0.00011815399921033531
2839,0.00011798899504356086
2840,0.00011831399751827121
2841,0.00011852700845338404
2842,0.00011904900020454079
2843,0.00011727999662980437
2844,0.00011835500481538475
2845,0.00011828300193883479
2846,0.00011839601211249828
2847,0.0001181800034828484
2848,0.00011853000614792109
2849,0.00011204100155737251
2850,0.00011882500257343054
2851,0.00011850499140564352
2852,0.00011831200390588492
2853,0.00011860299855470657
2854,0.00011820800136774778
2855,0.00011919000826310366
2856,0.00011742800415959209
2857,0.0001183239946840331
2858,0.0001187049929285422
2859,0.0001181840052595362
2860,0.00011832200107164681
2861,0.00011819999781437218
2862,0.0001181599945994094
2863,0.00011848399299196899
2864,0.00011828698916360736
2865,0.00012025999603793025
2866,0.00011703399650286883
2867,0.00011816099868156016
2868,0.00011787400580942631
2869,0.00011820999498013407
2870,0.00011837900092359632
2871,0.00011832600284833461
2872,0.00011870800517499447
2873,0.00011809899297077209
2874,0.00011798599734902382
2875,0.00011842699314001948
2876,0.00011892600741703063
2877,0.00011764299415517598
2878,0.00011897299555130303
2879,0.00011779699707403779
2880,0.0001182569976663217
2881,0.00011835400073323399
2882,0.00011863699182868004
2883,0.00011800600623246282
2884,0.0001185910077765584
2885,0.00011793199519161135
2886,0.00011829500726889819
2887,0.00011826999252662063
2888,0.00012087301001884043
2889,0.00011593900853767991
2890,0.00011808201088570058
2891,0.00011857300705742091
2892,0.00011828099377453327
2893,0.00011867399734910578
2894,0.00012041200534440577
2895,0.00011605999316088855
2896,0.00012028899800498039
2897,0.00011752899445127696
2898,0.00011762601207010448
2899,0.00011793099110946059
2900,0.00011856899072881788
2901,0.00011822399392258376
2902,0.00011905099381692708
2903,0.00011686299694702029
2904,0.0001197809906443581
2905,0.00011813599849119782
2906,0.00011824601097032428
2907,0.0001184150023618713
2908,0.00011862600513268262
2909,0.00011820299550890923
2910,0.00011846299457829446
2911,0.00011841701052617282
2912,0.00011816099868156016
2913,0.0001184940047096461
2914,0.0001184150023618713
2915,0.00011825498950202018
2916,0.00011840499064419419
2917,0.00011905499559361488
2918,0.00011931100743822753
2919,0.00011762299982365221
2920,0.00011739699402824044
2921,0.0001210329937748611
2922,0.00011557999823708087
2923,0.00011828199785668403
2924,0.00011861800157930702
2925,0.000117908013635315
2926,0.00011877701035700738
2927,0.00011820199142675847
2928,0.00011886900756508112
2929,0.000118017997010611
2930,0.00011820498912129551
2931,0.00011851699673570693
2932,0.00011843499669339508
2933,0.000117942996439524
2934,0.00011838899808935821
2935,0.00011830699804704636
2936,0.00011928699677810073
2937,0.00011770600394811481
2938,0.00011821700900327414
2939,0.00011854700278490782
2940,0.0001209150068461895
2941,0.00011574299423955381
2942,0.00011883799743372947
2943,0.00011829499271698296
2944,0.00011782199726440012
2945,0.00011849700240418315
2946,0.00011786400864366442
2947,0.00011846299457829446
2948,0.00011841800005640835
2949,0.00011790200369432569
2950,0.00011852799798361957
2951,0.00011824499233625829
2952,0.00011883600382134318
2953,0.00011869700392708182
2954,0.00011804900714196265
2955,0.00011785999231506139
2956,0.00011872700997628272
2957,0.00011844899563584477
2958,0.00011792100849561393
2959,0.00011072099732700735
2960,0.0001192820054711774
2961,0.00011822600208688527
2962,0.00011837000783998519
2963,0.00011866599379573017
2964,0.00011816299229394644
2965,0.00011828400602098554
2966,0.00011838799400720745
2967,0.00011803300003521144
2968,0.00011947700113523751
2969,0.00011774800077546388
2970,0.00011800699576269835
2971,0.00011859199730679393
2972,0.00011858099605888128
2973,0.00011816700862254947
2974,0.00011733299470506608
2975,0.00011951000487897545
2976,0.00011818700295407325
2977,0.0001185610017273575
2978,0.00011817000631708652
2979,0.00011893200280610472
2980,0.00012072300887666643
2981,0.00011635100236162543
2982,0.00011769898992497474
2983,0.00011817700578831136
2984,0.00011833400640171021
2985,0.00011827099660877138
2986,0.00011848899885080755
2987,0.00011894699127878994
2988,0.00011792700388468802
2989,0.00011837700731121004
2990,0.00011813099263235927
2991,0.00011844599794130772
2992,0.00011847101268358529
2993,0.00011901700054295361
2994,0.0001175659999717027
2995,0.00011830699804704636
2996,0.00011846100096590817
2997,0.00011906200961675495
2998,0.00011838899808935821
2999,0.00011801900109276175
3000,0.00011780500062741339
3001,0.00011947999882977456
3002,0.00011711500701494515
3003,0.0001180889958050102
3004,0.00011971400817856193
3005,0.00011762599751818925
3006,0.00011748299584724009
3007,0.00011872600589413196
3008,0.0001183989952551201
3009,0.00011822400847449899
3010,0.00011820699728559703
3011,0.00011873299081344157
3012,0.00011817499762400985
3013,0.00011834601173177361
3014,0.00011955099762417376
3015,0.0001176410005427897
3016,0.00011824900866486132
3017,0.00011815500329248607
3018,0.0001182529958896339
3019,0.00011855000047944486
3020,0.0001183400017907843
3021,0.00011809999705292284
3022,0.00011843000538647175
3023,0.0001187169982586056
3024,0.00011833300231955945
3025,0.00011825399997178465
3026,0.00011859400547109544
3027,0.0001178759994218126
3028,0.00011870599701069295
3029,0.00011809199349954724
3030,0.00011811900185421109
3031,0.00011867099965456873
3032,0.00011830800212919712
3033,0.00011857401113957167
3034,0.00011819999781437218
3035,0.00011721199552994221
3036,0.00011973500659223646
3037,0.00011812199954874814
3038,0.00011856399942189455
3039,0.00011823201202787459
3040,0.00011880700185429305
3041,0.00011814299796242267
3042,0.00011803199595306069
3043,0.00011898099910467863
3044,0.00011796600301750004
3045,0.0001181090046884492
3046,0.00011849899601656944
3047,0.00011855199409183115
3048,0.00011837299098260701
3049,0.00011827499838545918
3050,0.00011843700485769659
3051,0.00011833300231955945
3052,0.00011844599794130772
3053,0.00011818298662547022
3054,0.00011840999650303274
3055,0.00011862699466291815
3056,0.00011834398901555687
3057,0.00011851500312332064
3058,0.00011831500160042197
3059,0.00011876400094479322
3060,0.00011790399730671197
3061,0.00011818100756499916
3062,0.0001199730031657964
3063,0.000116861003334634
3064,0.00011869099398609251
3065,0.00011807600094471127
3066,0.00011829100549221039
3067,0.00011914799688383937
3068,0.00011926000297535211
3069,0.00011688600352499634
3070,0.00011838300270028412
3071,0.00011813000310212374
3072,0.00011833800817839801
3073,0.00011953500506933779
3074,0.0001172379998024553
3075,0.00011975600500591099
3076,0.00011981101124547422
3077,0.00011660299787763506
3078,0.00011679099407047033
3079,0.00011722400086000562
3080,0.00011957700189668685
3081,0.00011851001181639731
3082,0.00011802100925706327
3083,0.00011826799891423434
3084,0.0001185750006698072
3085,0.00012115499703213573
3086,0.00011610198998823762
3087,0.00011772399011533707
3088,0.00011827099660877138
3089,0.00011857300705742091
3090,0.00011768999684136361
3091,0.00011866299610119313
3092,0.00011730998812709004
3093,0.00011996801185887307
3094,0.00011811900185421109
3095,0.00012095099373254925
3096,0.00011433899635449052
3097,0.00011932000052183867
3098,0.00011796200124081224
3099,0.00011845699918922037
3100,0.00011855100456159562
3101,0.00011800701031461358
3102,0.00012041701120324433
3103,0.00011675299901980907
3104,0.00011830900621134788
3105,0.00011846500274259597
3106,0.0001184819993795827
3107,0.0001181840052595362
3108,0.00011845500557683408
3109,0.00011830600851681083
3110,0.00011815500329248607
3111,0.00011916900984942913
3112,0.00011781899956986308
3113,0.00011772100697271526
3114,0.00011803499364759773
3115,0.00011818799248430878
3116,0.0001189479953609407
3117,0.00011819700011983514
3118,0.00011892498878296465
3119,0.00012076400162186474
3120,0.00011559200356714427
3121,0.00011806499969679862
3122,0.00011812099546659738
3123,0.00011932699999306351
3124,0.00011812000593636185
3125,0.00011773899313993752
3126,0.00011835999612230808
3127,0.00011831500160042197
3128,0.00011879099474754184
3129,0.00011918800009880215
3130,0.00011688900121953338
3131,0.00011810399882961065
3132,0.00011849500879179686
3133,0.0001184900029329583
3134,0.00011800699576269835
3135,0.00011843099491670728
3136,0.00011874000483658165
3137,0.0001183829881483689
3138,0.00011818499478977174
3139,0.00011847300629597157
3140,0.00011835400073323399
3141,0.00011815100151579827
3142,0.00011873900075443089
3143,0.00011943100253120065
3144,0.00011715399159584194
3145,0.00011898699449375272
3146,0.00011781801003962755
3147,0.0001184270076919347
3148,0.00011850999726448208
3149,0.0001182609994430095
3150,0.00011828399146907032
3151,0.00011832700693048537
3152,0.00011859499500133097
3153,0.00011842600360978395
3154,0.0001186379959108308
3155,0.00011828399146907032
3156,0.00011858499783556908
3157,0.00011706900841090828
3158,0.00011933800124097615
3159,0.00011825899127870798
3160,0.00011880201054736972
3161,0.0001183560088975355
3162,0.00011820699728559703
3163,0.00011936000373680145
3164,0.00011794098827522248
3165,0.00011773699952755123
3166,0.00011897100193891674
3167,0.00011852699390146881
3168,0.00011907800217159092
3169,0.00011736000305972993
3170,0.00011876999633386731
3171,0.00011747899407055229
3172,0.00011876999633386731
3173,0.00011828399146907032
3174,0.00011952400382142514
3175,0.0001172600022982806
3176,0.00011834301403723657
3177,0.0001181840052595362
3178,0.00011877799988724291
3179,0.00011910700413864106
3180,0.00012418400729075074
3181,0.00011133699445053935
3182,0.00011901999823749065
3183,0.00011833499593194574
3184,0.00011870199523400515
3185,0.0001183780113933608
3186,0.00011808000272139907
3187,0.00011831299343612045
3188,0.00011846800043713301
3189,0.00011814699973911047
3190,0.00011899099627044052
3191,0.00011830500443466008
3192,0.00011864099360536784
3193,0.00011809400166384876
3194,0.0001179469982162118
3195,0.0001183949934784323
3196,0.00011884400737471879
3197,0.00011757900938391685
3198,0.00011827099660877138
3199,0.00011881299724336714
3200,0.00011812300363089889
3201,0.00011846699635498226
3202,0.00011830098810605705
3203,0.00011871100286953151
3204,0.00011906899453606457
3205,0.00011722200724761933
3206,0.0001183059939648956
3207,0.00011848799476865679
3208,0.00011870599701069295
3209,0.00011862099927384406
3210,0.00011774200538638979
3211,0.00011855899356305599
3212,0.00011832101154141128
3213,0.00011809999705292284
3214,0.00011875000200234354
3215,0.00011844799155369401
3216,0.0001183400017907843
3217,0.00011917500523850322
3218,0.00011769699631258845
3219,0.00011807199916802347
3220,0.00011900300160050392
3221,0.00011773800360970199
3222,0.00011849599832203239
3223,0.00011856399942189455
3224,0.00011842499952763319
3225,0.00011844000255223364
3226,0.00011832699237857014
3227,0.00011797000479418784
3228,0.00011894499766640365
3229,0.00011898299271706492
3230,0.00011724300566129386
3231,0.00011855199409183115
3232,0.00011877399811055511
3233,0.00011832200107164681
3234,0.00011835299665108323
3235,0.00011828599963337183
3236,0.00011838400678243488
3237,0.00011840999650303274
3238,0.0001184579887194559
3239,0.00011842200183309615
3240,0.00011824100511148572
3241,0.0001185610017273575
3242,0.00011867500143125653
3243,0.00011833000462502241
3244,0.00011818499478977174
3245,0.00011711199476849288
3246,0.00011936700320802629
3247,0.00011834499309770763
3248,0.00012136499572079629
3249,0.00011667500075418502
3250,0.00011767099204007536
3251,0.00011983499280177057
3252,0.00011647399514913559
3253,0.00011840400111395866
3254,0.0001190390030387789
3255,0.00011782799265347421
3256,0.00011805600661318749
3257,0.00011841999366879463
3258,0.00011835800250992179
3259,0.00011830900621134788
3260,0.00011900899698957801
3261,0.00011758299660868943
3262,0.00011917600932065398
3263,0.00011815798643510789
3264,0.0001178539969259873
3265,0.00011863699182868004
3266,0.00011799100320786238
3267,0.00011884600098710507
3268,0.0001212210045196116
3269,0.00011716100561898202
3270,0.00011656699643936008
3271,0.00011832900054287165
3272,0.00011843199899885803
3273,0.00011879300291184336
3274,0.00011815500329248607
3275,0.00011809600982815027
3276,0.00011864700354635715
3277,0.00011821300722658634
3278,0.00011857399658765644
3279,0.0001185120054287836
3280,0.00011835599434562027
3281,0.00011833099415525794
3282,0.00011862600513268262
3283,0.00011804199311882257
3284,0.00011894700583070517
3285,0.00012163800420239568
3286,0.00011522599379532039
3287,0.00011795401223935187
3288,0.00011864499538205564
3289,0.00011838799400720745
3290,0.00011807100963778794
3291,0.00011917899246327579
3292,0.00011833300231955945
3293,0.00011775299208238721
3294,0.00011827900016214699
3295,0.00011886100401170552
3296,0.00011839400394819677
3297,0.00011818599887192249
3298,0.00011841299419756979
3299,0.0001183640124509111
3300,0.0001184350112453103
3301,0.00011837699275929481
3302,0.00011893200280610472
3303,0.00011779699707403779
3304,0.00012153600982856005
3305,0.00011608000204432756
3306,0.00011918800009880215
3307,0.00011873400944750756
3308,0.00011818199709523469
3309,0.00011842399544548243
3310,0.00011831300798803568
3311,0.00011827200069092214
3312,0.00011819599603768438
3313,0.00011884300329256803
3314,0.0001178800011985004
3315,0.00011858998914249241
3316,0.00011884899868164212
3317,0.0001182020059786737
3318,0.0001184739958262071
3319,0.00011713599087670445
3320,0.00011941300181206316
3321,0.00012122000043746084
3322,0.00011962100688833743
3323,0.0001170330069726333
3324,0.00012286800483707339
3325,0.00012475300172809511
3326,0.00012907199561595917
3327,0.00012362501001916826
3328,0.00011476999497972429
3329,0.00011948500468861312
3330,0.00011791499855462462
3331,0.00011899399396497756
3332,0.00011739598994608968
3333,0.00011857799836434424
3334,0.00012103200424462557
3335,0.00011354999151080847
3336,0.00011930199980270118
3337,0.00011862799874506891
3338,0.00011814100435003638
3339,0.00011795898899435997
3340,0.00011833499593194574
3341,0.00011839800572488457
3342,0.00011871800234075636
3343,0.00011803499364759773
3344,0.00011858399375341833
3345,0.00011837999045383185
3346,0.00011846800043713301
3347,0.0001184779976028949
3348,0.00011830400035250932
3349,0.00011828201240859926
3350,0.00011835999612230808
3351,0.00011826299305539578
3352,0.00011881299724336714
3353,0.00011745499796234071
3354,0.00011918399832211435
3355,0.00011842299136333168
3356,0.00011901299876626581
3357,0.00011778301268350333
3358,0.00011865099077112973
3359,0.00011820498912129551
3360,0.0001183480053441599
3361,0.00011910899775102735
3362,0.00011776799510698766
3363,0.00011840800289064646
3364,0.0001187960006063804
3365,0.00011837200145237148
3366,0.00011821399675682187
3367,0.00011839700164273381
3368,0.00011843499669339508
3369,0.00011842200183309615
3370,0.00011728800018317997
3371,0.00011956000525970012
3372,0.00011845900735352188
3373,0.00011863000690937042
3374,0.00011832200107164681
3375,0.00011813499440904707
3376,0.0001222749997396022
3377,0.00011677001020871103
3378,0.00011667399667203426
3379,0.0001180260005639866
3380,0.00011887600703630596
3381,0.00011799999629147351
3382,0.00011905399151146412
3383,0.00011860299855470657
3384,0.00011747999815270305
3385,0.00011902100231964141
3386,0.00011758199252653867
3387,0.00011930300388485193
3388,0.00011804699897766113
3389,0.00011824599641840905
3390,0.00011823799286503345
3391,0.00012004200834780931
3392,0.00012921600136905909
3393,0.0001207899913424626
3394,0.00011357800394762307
3395,0.00012129399692639709
3396,0.00011374600580893457
3397,0.00012012099614366889
3398,0.00011667600483633578
3399,0.00011985699529759586
3400,0.0001236889947904274
3401,0.00014988200564403087
3402,0.00015369699394796044
3403,0.0001841630000853911
3404,0.0001573449990246445
3405,0.0001521219965070486
3406,0.00013636900985147804
3407,0.00013795800623483956
3408,0.0001502390077803284
3409,0.00013019799371249974
3410,0.0001265900064026937
3411,0.00014219900185707957
3412,0.00012895200052298605
3413,0.00013133799075149
3414,0.000128237996250391
3415,0.00011503000860102475
3416,0.0001190309994854033
3417,0.00011839999933727086
3418,0.00012017299013677984
3419,0.00011699099559336901
3420,0.00011802700464613736
3421,0.00011825498950202018
3422,0.00011891000031027943
3423,0.00011797698971349746
3424,0.00011870500748045743
3425,0.00011831900337710977
3426,0.00011838300270028412
3427,0.0001191260089399293
3428,0.00011636599083431065
3429,0.00011975300731137395
3430,0.00011844000255223364
3431,0.00011850299779325724
3432,0.00011842200183309615
3433,0.00011883300612680614
3434,0.00011864499538205564
3435,0.00011768599506467581
3436,0.00011849499423988163
3437,0.0001184270076919347
3438,0.00011859300138894469
3439,0.00011819499195553362
3440,0.0001186419976875186
3441,0.00011822799569927156
3442,0.00011851900490000844
3443,0.00011850098962895572
3444,0.00012067100033164024
3445,0.0001164980058092624
3446,0.00011767100659199059
3447,0.00011874700430780649
3448,0.00012038400745950639
3449,0.00011524499859660864
3450,0.00011929799802601337
3451,0.00011806900147348642
3452,0.00011887899017892778
3453,0.00011829800496343523
3454,0.00011834500764962286
3455,0.00012024199531879276
3456,0.00011700799223035574
3457,0.00011858600191771984
3458,0.00011810399882961065
3459,0.00011853598698507994
3460,0.00011841800005640835
3461,0.00011840900697279721
3462,0.00011818199709523469
3463,0.00011848499707411975
3464,0.00011878000805154443
3465,0.0001187960006063804
3466,0.00011812000593636185
3467,0.00011773800360970199
3468,0.00011904598795808852
3469,0.00011824000102933496
3470,0.00011815500329248607
3471,0.00011823400564026088
3472,0.00011855500633828342
3473,0.00011852099851239473
3474,0.00011950699263252318
3475,0.0001187250018119812
3476,0.00011701500625349581
3477,0.00011831799929495901
3478,0.00011849100701510906
3479,0.00011822700616903603
3480,0.00011870899470523
3481,0.00011844400432892144
3482,0.00011835098848678172
3483,0.00011825999536085874
3484,0.00011894400813616812
3485,0.00011858200014103204
3486,0.00011798201012425125
3487,0.00011842099775094539
3488,0.00011925600119866431
3489,0.0001177400117740035
3490,0.00011836599151138216
3491,0.0001190819893963635
3492,0.00011767700198106468
3493,0.00011840798833873123
3494,0.00011849899601656944
3495,0.00011823400564026088
3496,0.00011850798910018057
3497,0.00012004301242996007
3498,0.00011610900401137769
3499,0.00011890599853359163
3500,0.00011853300384245813
3501,0.00011872299364767969
3502,0.00011843300308100879
3503,0.00011813899618573487
3504,0.00011799900676123798
3505,0.00011845100380014628
3506,0.00011818199709523469
3507,0.0001184150023618713
3508,0.00011953899229411036
3509,0.00011809100396931171
3510,0.00011778999760281295
3511,0.00011783599620684981
3512,0.00011836799967568368
3513,0.00011924198770429939
3514,0.00011743301001843065
3515,0.00011817099584732205
3516,0.00011838800855912268
3517,0.00011841600644402206
3518,0.0001186500012408942
3519,0.0001181900006486103
3520,0.00011848499707411975
3521,0.00011855400225613266
3522,0.0001182730047730729
3523,0.00011870000162161887
3524,0.00011797400657087564
3525,0.00011844201071653515
3526,0.00011890499445144087
3527,0.00011868699220940471
3528,0.00011769500270020217
3529,0.000118804004159756
3530,0.00011814100435003638
3531,0.00011828199785668403
3532,0.00011853101023007184
3533,0.0001181980042019859
3534,0.0001186199951916933
3535,0.00011842799722217023
3536,0.0001199140097014606
3537,0.00011720800830516964
3538,0.00011917199299205095
3539,0.000117942996439524
3540,0.00011774299491662532
3541,0.00011854000331368297
3542,0.0001181719999294728
3543,0.00011845400149468333
3544,0.00011834599717985839
3545,0.00011868799629155546
3546,0.00012144999345764518
3547,0.00011525399168021977
3548,0.0001184110005851835
3549,0.00011849799193441868
3550,0.00011248901137150824
3551,0.00011920699034817517
3552,0.00011843399261124432
3553,0.0001186459994642064
3554,0.00011809798888862133
3555,0.00011833000462502241
3556,0.00011856999481096864
3557,0.00011828000424429774
3558,0.00011859700316563249
3559,0.0001188300084322691
3560,0.00011847499990835786
3561,0.00011814100435003638
3562,0.00011849700240418315
3563,0.00011784900561906397
3564,0.0001192110066767782
3565,0.00011853000614792109
3566,0.00011848099529743195
3567,0.00011760900088120252
3568,0.0001187009911518544
3569,0.00011816300684586167
3570,0.0001183360000140965
3571,0.00011858399375341833
3572,0.0001180849940283224
3573,0.00011851498857140541
3574,0.00011836100020445883
3575,0.0001195660006487742
3576,0.00012126499495934695
3577,0.00011496999650262296
3578,0.00011775699385907501
3579,0.00011833099415525794
3580,0.00011847101268358529
3581,0.0001201150007545948
3582,0.00011704200005624443
3583,0.00011843400716315955
3584,0.00011759900371544063
3585,0.00011854400509037077
3586,0.00011809400166384876
3587,0.0001192740019178018
3588,0.000117888004751876
3589,0.00011802899825852364
3590,0.00011867599096149206
3591,0.00011830400035250932
3592,0.00011852600437123328
3593,0.00011866400018334389
3594,0.00011845699918922037
3595,0.00011807300325017422
3596,0.00011882599210366607
3597,0.00011756700405385345
3598,0.00011783599620684981
3599,0.0001198230020236224
3600,0.00011879298835992813
3601,0.00011807400733232498
3602,0.00012411900388542563
3603,0.00011839299986604601
3604,0.00011742800415959209
3605,0.00011831799929495901
3606,0.00011891500616911799
3607,0.00011685100616887212
3608,0.00011949399777222425
3609,0.00011872200411744416
3610,0.00011838600039482117
3611,0.0001181800034828484
3612,0.00011864399129990488
3613,0.00011957300011999905
3614,0.00011690400424413383
3615,0.00011875601194333285
3616,0.00011849099246319383
3617,0.00011705700308084488
3618,0.0001197219971800223
3619,0.00011812899901997298
3620,0.00011892100155819207
3621,0.00011803499364759773
3622,0.0001184860011562705
3623,0.00012026399781461805
3624,0.00011677500151563436
3625,0.00011849700240418315
3626,0.00011892100155819207
3627,0.00011787201219704002
3628,0.00011826999252662063
3629,0.00011827400885522366
3630,0.00011804900714196265
3631,0.00011890199675690383
3632,0.0001184029970318079
3633,0.00011843300308100879
3634,0.00011774100130423903
3635,0.00011924099817406386
3636,0.00011869499576278031
3637,0.00011841600644402206
3638,0.00011827900016214699
3639,0.00011836600606329739
3640,0.00012089000665582716
3641,0.00011700400500558317
3642,0.0001191320043290034
3643,0.00011708099918905646
3644,0.00011835699842777103
3645,0.00011864499538205564
3646,0.00011821099906228483
3647,0.00011859698861371726
3648,0.00011848300346173346
3649,0.00011840899242088199
3650,0.00011873399489559233
3651,0.00011867799912579358
3652,0.00011802800872828811
3653,0.00011828700371552259
3654,0.00011821900261566043
3655,0.0001182389969471842
3656,0.00011859400547109544
3657,0.0001208729954669252
3658,0.00011652399552986026
3659,0.00011802399239968508
3660,0.0001185750006698072
3661,0.0001182020059786737
3662,0.00011826799891423434
3663,0.00011850098962895572
3664,0.00011901599646080285
3665,0.00011826300760731101
3666,0.00011832200107164681
3667,0.00011925501166842878
3668,0.00011683700722642243
3669,0.00011863300460390747
3670,0.00011910100874956697
3671,0.00011803700181189924
3672,0.0001179509999928996
3673,0.00011855400225613266
3674,0.00012149200483690947
3675,0.00011396199988666922
3676,0.00011999098933301866
3677,0.00011849099246319383
3678,0.00011787499533966184
3679,0.00011847200221382082
3680,0.00011846898996736854
3681,0.00011853800970129669
3682,0.00011801699292846024
3683,0.00011834698671009392
3684,0.0001186379959108308
3685,0.00011877399811055511
3686,0.00011793000157922506
3687,0.00011842799722217023
3688,0.00012168700050096959
3689,0.0001162630069302395
3690,0.00011739300680346787
3691,0.00011886500578839332
3692,0.00011715199798345566
3693,0.00011962298594880849
3694,0.00011842200183309615
3695,0.00011849499423988163
3696,0.00011803899542428553
3697,0.00011887599248439074
3698,0.00012037099804729223
3699,0.00011653799447230995
3700,0.00011814800382126123
3701,0.0001181010011350736
3702,0.00011848799476865679
3703,0.00011837200145237148
3704,0.00011850000009872019
3705,0.00011813400487881154
3706,0.00011850699956994504
3707,0.00011830699804704636
3708,0.00012219400377944112
3709,0.00011689700477290899
3710,0.00011639099102467299
3711,0.00011807100963778794
3712,0.00011837499914690852
3713,0.00011876900680363178
3714,0.00011815900506917387
3715,0.00011909801105502993
3716,0.00011840800289064646
3717,0.00011955400987062603
3718,0.00011494899808894843
3719,0.00011798099149018526
3720,0.0001192319905385375
3721,0.00011845699918922037
3722,0.00011833300231955945
3723,0.00011868400906678289
3724,0.00011867500143125653
3725,0.00011972499487455934
3726,0.00011644999904092401
3727,0.00011887900473084301
3728,0.00011779199121519923
3729,0.0001185910077765584
3730,0.00011807799455709755
3731,0.00011812298907898366
3732,0.00011847600399050862
3733,0.00011846399866044521
3734,0.00011877300858031958
3735,0.00011810699652414769
3736,0.00012163199426140636
3737,0.00011585799802560359
3738,0.0001178960083052516
3739,0.00011824400280602276
3740,0.0001187550078611821
3741,0.00011828000424429774
3742,0.00011862801329698414
3743,0.00011887900473084301
3744,0.0001179289974970743
3745,0.00011912299669347703
3746,0.0001179000100819394
3747,0.00011945299047511071
3748,0.00011776700557675213
3749,0.00011659400479402393
3750,0.000119885997264646
3751,0.0001183480053441599
3752,0.00011903299309778959
3753,0.00011776600149460137
3754,0.0001188549940707162
3755,0.00011862399696838111
3756,0.00011775799794122577
3757,0.00011841200466733426
3758,0.00010997499339282513
3759,0.00011956799426116049
3760,0.00011812499724328518
3761,0.00011873198673129082
3762,0.00011828499555122107
3763,0.00011845199333038181
3764,0.00011832099698949605
3765,0.00011953299690503627
3766,0.00011641099990811199
3767,0.0001193730131490156
3768,0.00011919699318241328
3769,0.00011805800022557378
3770,0.00011797600018326193
3771,0.00011835699842777103
3772,0.00014326299424283206
3773,0.00011824601097032428
3774,0.00011594299576245248
3775,0.00011781499779317528
3776,0.0001187330053653568
3777,0.00011979900591541082
3778,0.00011943500430788845
3779,0.00011552800424396992
3780,0.00011730600090231746
3781,0.00011915901268366724
3782,0.00011881398677360266
3783,0.00011557100515346974
3784,0.00011928300955332816
3785,0.00011515000369399786
3786,0.00011825399997178465
3787,0.00011676500434987247
3788,0.00012014299863949418
3789,0.0001153960038209334
3790,0.00011967201135121286
3791,0.00011526199523359537
3792,0.00011897299555130303
3793,0.00011479599925223738
3794,0.00011862200335599482
3795,0.00011529499897733331
3796,0.00011935799557249993
3797,0.00011496800289023668
3798,0.00011986900062765926
3799,0.00011470299796201289
3800,0.00011967599857598543
3801,0.00011480000102892518
3802,0.00011662900215014815
3803,0.00011703000927809626
3804,0.00011897100193891674
3805,0.0001149279996752739
3806,0.00011982998694293201
3807,0.00011531999916769564
3808,0.00012288799916859716
3809,0.0001181310071842745
3810,0.00011522699787747115
3811,0.00011873099720105529
3812,0.0001152749900938943
3813,0.00011704799544531852
3814,0.00011929598986171186
3815,0.0001151409960584715
3816,0.00011691899271681905
3817,0.00012007700570393354
3818,0.0001153210032498464
3819,0.00011870700109284371
3820,0.00011528300819918513
3821,0.00011951499618589878
3822,0.00011463699047453701
3823,0.00012297600915189832
3824,0.00011622199963312596
3825,0.00011844901018776
3826,0.00011664499470498413
3827,0.00011530300253070891
3828,0.00011691400140989572
3829,0.00011691899271681905
3830,0.00011775399616453797
3831,0.00011644201003946364
3832,0.00011932699999306351
3833,0.00011562398867681623
3834,0.00011638400610536337
3835,0.00011887800064869225
3836,0.00011485200957395136
3837,0.00011718600580934435
3838,0.00011975399684160948
3839,0.00011464899580460042
3840,0.0001169540046248585
3841,0.00012019800487905741
3842,0.00011469199671410024
3843,0.00011749600525945425
3844,0.00011661600728984922
3845,0.00011909101158380508
3846,0.00011485999857541174
3847,0.00011950499902013689
3848,0.00011981099669355899
3849,0.0001152500044554472
3850,0.00011641799937933683
3851,0.00011906000145245343
3852,0.00011468501179479063
3853,0.00011961901327595115
3854,0.00011785999231506139
3855,0.00011521299893502146
3856,0.00011941799311898649
3857,0.00011500000255182385
3858,0.00011952999921049923
3859,0.00011515799269545823
3860,0.00011760099732782692
3861,0.00011846399866044521
3862,0.0001150030002463609
3863,0.00011976200039498508
3864,0.00011515800724737346
3865,0.0001199770049424842
3866,0.0001154429919552058
3867,0.00011680299940053374
3868,0.00012000200513284653
3869,0.00011453100887592882
3870,0.00011727199307642877
3871,0.00011950700718443841
3872,0.00011465500574558973
3873,0.00011940099648199975
3874,0.00011484698916319758
3875,0.00011689000530168414
3876,0.00011982800788246095
3877,0.00011478200030978769
3878,0.00011954399815294892
3879,0.0001153499906649813
3880,0.00011735199950635433
3881,0.00011987399193458259
3882,0.00011482898844406009
3883,0.00011827699199784547
3884,0.00011585399624891579
3885,0.00011934600479435176
3886,0.00011501800327096134
3887,0.00011964200530201197
3888,0.00011474700295366347
3889,0.00011925700528081506
3890,0.00011795198952313513
3891,0.00011489899770822376
3892,0.00011979199189227074
3893,0.00011664500925689936
3894,0.00011949401232413948
3895,0.00011485000140964985
3896,0.00011894199997186661
3897,0.00011528100003488362
3898,0.00011925100989174098
3899,0.00011463700502645224
3900,0.0001190269977087155
3901,0.00011526199523359537
3902,0.00011924300633836538
3903,0.00011504700523801148
3904,0.00012012200022581965
3905,0.00011506899318192154
3906,0.00011674899724312127
3907,0.00011826799891423434
3908,0.00011583699961192906
3909,0.00011916900984942913
3910,0.00011564900341909379
3911,0.00011654400441329926
3912,0.00011918999371118844
3913,0.00011636500130407512
3914,0.00011536901001818478
3915,0.00011965600424446166
3916,0.0001147760049207136
3917,0.0001194079959532246
3918,0.00011487399751786143
3919,0.00011947999882977456
3920,0.0001160870015155524
3921,0.00011622300371527672
3922,0.00011939000978600234
3923,0.00011509298929013312
3924,0.0001241710124304518
3925,0.00011596200056374073
3926,0.00011931899643968791
3927,0.00011497999366838485
3928,0.00011715599976014346
3929,0.00011959500261582434
3930,0.00011527301103342324
3931,0.00011912299669347703
3932,0.00011515400547068566
3933,0.0001194789947476238
3934,0.00011477299267426133
3935,0.00011893700866494328
3936,0.00011521299893502146
3937,0.00012024999887216836
3938,0.00011480500688776374
3939,0.00011910300236195326
3940,0.0001179509999928996
3941,0.00011500800610519946
3942,0.00011968699982389808
3943,0.00011484000424388796
3944,0.00011693999113049358
3945,0.00011839100625365973
3946,0.00011887399887200445
3947,0.00011704300413839519
3948,0.00012007000623270869
3949,0.00011478998931124806
3950,0.00011968899343628436
3951,0.00011570400965865701
3952,0.00011620299483183771
3953,0.00011832200107164681
3954,0.00011557499237824231
3955,0.0001198230020236224
3956,0.00011488099698908627
3957,0.0001190819893963635
3958,0.0001150820025941357
3959,0.0001172219926957041
3960,0.00011692300904542208
3961,0.00011713799904100597
3962,0.00011680099123623222
3963,0.00011998999980278313
3964,0.00011452600301709026
3965,0.00011950299085583538
3966,0.0001148570008808747
3967,0.00012030800280626863
3968,0.00011674499546643347
3969,0.0001151710021076724
3970,0.00011907900625374168
3971,0.00011545199959073216
3972,0.00011662300676107407
3973,0.00011678499868139625
3974,0.00011938299576286227
3975,0.0001144419948104769
3976,0.00011961400741711259
3977,0.0001149569870904088
3978,0.00011962300050072372
3979,0.00011519499821588397
3980,0.00011879399244207889
3981,0.00011524699220899493
3982,0.00011933800124097615
3983,0.00011451799946371466
3984,0.00011907600855920464
3985,0.00011874199844896793
3986,0.00011633300164248794
3987,0.00011728300887625664
3988,0.00011837000783998519
3989,0.00011506100418046117
3990,0.00011838899808935821
3991,0.00011840599472634494
3992,0.00011384100071154535
3993,0.00011967199679929763
3994,0.00011427499703131616
3995,0.00011853899923153222
3996,0.00012331201287452132
3997,0.00011527600872796029
3998,0.00011970500054303557
3999,0.00011762999929487705
4000,0.00011983599688392133
4001,0.00011505000293254852
4002,0.00011941000411752611
4003,0.00011507699673529714
4004,0.00011868600267916918
4005,0.00011499400716274977
4006,0.00012005699682049453
4007,0.00011532800272107124
4008,0.00011937400267925113
4009,0.00011515998630784452
4010,0.0001182309933938086
4011,0.00011543599248398095
4012,0.00011977899703197181
4013,0.00011612600064836442
4014,0.0001156559883384034
4015,0.00012000699643976986
4016,0.00011465699935797602
4017,0.00011946799349971116
4018,0.00011489099415484816
4019,0.00011889199959114194
4020,0.0001151870092144236
4021,0.00011931300105061382
4022,0.00011488700693007559
4023,0.00011979100236203521
4024,0.00011484499555081129
4025,0.00011784100206568837
4026,0.0001195799995912239
4027,0.00011472900223452598
4028,0.0001670720084803179
4029,0.00016310800856444985
4030,0.00016561000666115433
4031,0.00016880800831131637
4032,0.00011397700291126966
4033,0.0001190590119222179
4034,0.0001185569999506697
4035,0.00011832000745926052
4036,0.00011820699728559703
4037,0.00011982399155385792
4038,0.00011536599777173251
4039,0.00011947700113523751
4040,0.0001186419976875186
4041,0.00011824999819509685
4042,0.0001189299946418032
4043,0.00011797800834756345
4044,0.00011848800932057202
4045,0.00011863101099152118
4046,0.00011836500198114663
4047,0.00011854599870275706
4048,0.00011899300443474203
4049,0.00011806499969679862
4050,0.00011804199311882257
4051,0.00011895700299646705
4052,0.00011830500443466008
4053,0.00011824700050055981
4054,0.0001243699953192845
4055,0.00011197500862181187
4056,0.0001195290096802637
4057,0.0001181350089609623
4058,0.00011862599058076739
4059,0.00011823800741694868
4060,0.00011828700371552259
4061,0.00012021500151604414
4062,0.00011711999832186848
4063,0.00011816099868156016
4064,0.00011843899847008288
4065,0.00012022799637634307
4066,0.00011773599544540048
4067,0.00011806799739133567
4068,0.00011791600263677537
4069,0.00011814800382126123
4070,0.00011855200864374638
4071,0.00012005500320810825
4072,0.00011756300227716565
4073,0.00011801898654084653
4074,0.00011842200183309615
4075,0.00011829500726889819
4076,0.0001183869899250567
4077,0.000118633994134143
4078,0.00011966501187998801
4079,0.00011826300760731101
4080,0.00011690500832628459
4081,0.00011862399696838111
4082,0.00011881699902005494
4083,0.00011810300929937512
4084,0.0001183909917017445
4085,0.00011800799984484911
4086,0.00011835199256893247
4087,0.0001191060000564903
4088,0.00012264600081834942
4089,0.00011221399472560734
4090,0.00011975399684160948
4091,0.00011846399866044521
4092,0.0001191180053865537
4093,0.00011850699956994504
4094,0.0001178499951492995
4095,0.00011820599320344627
4096,0.00011838499631267041
4097,0.00011866100248880684
4098,0.00011839201033581048
4099,0.00011853899923153222
4100,0.00011827198613900691
4101,0.00011867799912579358
4102,0.00011829599679913372
4103,0.00011834999895654619
4104,0.00011830100265797228
4105,0.00011871400056406856
4106,0.00011798500781878829
4107,0.00011862200335599482
4108,0.00011860899394378066
4109,0.00011838800855912268
4110,0.00011850599548779428
4111,0.00011844999971799552
4112,0.00011835800250992179
4113,0.0001184779976028949
4114,0.00011843300308100879
4115,0.00011831099982373416
4116,0.00011853199976030737
4117,0.00011825199180748314
4118,0.00011839000217150897
4119,0.00011876299686264247
4120,0.00011823000386357307
4121,0.00011879399244207889
4122,0.00011812000593636185
4123,0.00011856899072881788
4124,0.00011832499876618385
4125,0.00011922600970137864
4126,0.000116786002763547
4127,0.00011980399722233415
4128,0.00011851800081785768
4129,0.00011825500405393541
4130,0.00011828201240859926
4131,0.00011851699673570693
4132,0.00012008099292870611
4133,0.00011772901052609086
4134,0.00011679199815262109
4135,0.00011886400170624256
4136,0.00011834799079224467
4137,0.00016073000733740628
4138,0.00016824700287543237
4139,0.00015874399105086923
4140,0.0001180099934572354
4141,0.0001171750045614317
4142,0.00011790200369432569
4143,0.0001181940024252981
4144,0.00011850599548779428
4145,0.00011892800102941692
4146,0.00011808300041593611
4147,0.00011785900278482586
4148,0.00011865299893543124
4149,0.00011852399620693177
4150,0.00011856498895213008
4151,0.00011854199692606926
4152,0.00011863299005199224
4153,0.00011867699504364282
4154,0.00011827200069092214
4155,0.00011827900016214699
4156,0.00011868900037370622
4157,0.00011825600813608617
4158,0.00011877600627485663
4159,0.00011812899901997298
4160,0.0001190309994854033
4161,0.00011859000369440764
4162,0.00011888700828421861
4163,0.00011741499474737793
4164,0.00011774699669331312
4165,0.00011819299834314734
4166,0.00011843400716315955
4167,0.00011863501276820898
4168,0.00011892600741703063
4169,0.00011798299965448678
4170,0.00011868799629155546
4171,0.00011822000669781119
4172,0.0001184659922728315
4173,0.00011893999180756509
4174,0.00011806700786110014
4175,0.00011859099322464317
4176,0.00011807899863924831
4177,0.00011909200111404061
4178,0.00011811699368990958
4179,0.00011876199278049171
4180,0.00011805100075434893
4181,0.00011838600039482117
4182,0.00011846699635498226
4183,0.00011851300951093435
4184,0.00011848300346173346
4185,0.00011850599548779428
4186,0.00011879000521730632
4187,0.00011832200107164681
4188,0.00011855500633828342
4189,0.00011829999857582152
4190,0.00011836198973469436
4191,0.00011853799514938146
4192,0.00011842200183309615
4193,0.0001184230059152469
4194,0.00011846600682474673
4195,0.00011833698954433203
4196,0.00011765801173169166
4197,0.00011926500883419067
4198,0.00011846600682474673
4199,0.00011869700392708182
4200,0.0001182569976663217
4201,0.00011893299233634025
4202,0.00011871899187099189
4203,0.00011921800614800304
4204,0.00011703099880833179
4205,0.00011817699123639613
4206,0.00011807199916802347
4207,0.00011824398825410753
4208,0.00011862300743814558
4209,0.00011875099153257906
4210,0.00012083801266271621
4211,0.00011564699525479227
4212,0.00011851399904116988
4213,0.0001196129887830466
4214,0.00011785299284383655
4215,0.00011837499914690852
4216,0.00011801300570368767
4217,0.00011874300253111869
4218,0.00011800300853792578
4219,0.00011985099990852177
4220,0.00011767800606321543
4221,0.00011801900109276175
4222,0.00011893600458279252
4223,0.0001181760017061606
4224,0.00011816101323347539
4225,0.00011876200733240694
4226,0.0001194119977299124
4227,0.00011776899918913841
4228,0.00011859899677801877
4229,0.0001177869999082759
4230,0.00011849100701510906
4231,0.0001186039880849421
4232,0.00011865499254781753
4233,0.00011845400149468333
4234,0.00011032399197574705
4235,0.00011941201228182763
4236,0.00011831200390588492
4237,0.00011841600644402206
4238,0.00011833100870717317
4239,0.00011866699787788093
4240,0.00011937800445593894
4241,0.000118147989269346
4242,0.00011811000877059996
4243,0.00011790900316555053
4244,0.0001342189934803173
4245,0.00011264400382060558
4246,0.00011975399684160948
4247,0.00011775700841099024
4248,0.00011833099415525794
4249,0.00011882100079674274
4250,0.00011798900959547609
4251,0.00011156300024595112
4252,0.00011955300578847528
4253,0.0001182770065497607
4254,0.00011861498933285475
4255,0.00011822899978142232
4256,0.00011840199294965714
4257,0.00011892200564034283
4258,0.00011775799794122577
4259,0.00011845999688375741
4260,0.00011844700202345848
4261,0.00011855599586851895
4262,0.00011853600153699517
4263,0.00011820399959105998
4264,0.00011832299060188234
4265,0.00011860400263685733
4266,0.00011847900168504566
4267,0.0001178660022560507
4268,0.00011872999311890453
4269,0.00011822499800473452
4270,0.00011866301065310836
4271,0.00011841199011541903
4272,0.00011851999443024397
4273,0.00011909299064427614
4274,0.00011848099529743195
4275,0.00011827799607999623
4276,0.00011773599544540048
4277,0.00011810699652414769
4278,0.00011884499690495431
4279,0.00011801700748037547
4280,0.00011822998931165785
4281,0.0001187919988296926
4282,0.00011908600572496653
4283,0.00011804400128312409
4284,0.00011893200280610472
4285,0.00011758800246752799
4286,0.00011845599510706961
4287,0.00011871400056406856
4288,0.00011815900506917387
4289,0.00011873699259012938
4290,0.00011829900904558599
4291,0.00011855899356305599
4292,0.00011812998855020851
4293,0.00011872599134221673
4294,0.00011842999083455652
4295,0.00011854500917252153
4296,0.00011819601058959961
4297,0.0001186159934150055
4298,0.00011821099906228483
4299,0.00011852900206577033
4300,0.00012129900278523564
4301,0.00011633698886726052
4302,0.00011772700236178935
4303,0.0001183360000140965
4304,0.00011874700430780649
4305,0.00011877500219270587
4306,0.00011807700502686203
4307,0.00011989100312348455
4308,0.00011678300506900996
4309,0.00011862300743814558
4310,0.00011857699428219348
4311,0.00011831099982373416
4312,0.00011837299098260701
4313,0.00011892500333487988
4314,0.00011810200521722436
4315,0.00011837101192213595
4316,0.00011855199409183115
4317,0.0001205629960168153
4318,0.00011771000572480261
4319,0.00011867600551340729
4320,0.00011673799599520862
4321,0.0001186459994642064
4322,0.00011816200276371092
4323,0.00011861100210808218
4324,0.00011842499952763319
4325,0.00011849300062749535
4326,0.00011871800234075636
4327,0.00011901599646080285
4328,0.00011752900900319219
4329,0.00011831200390588492
4330,0.00011839900980703533
4331,0.00011832801101263613
4332,0.00011862299288623035
4333,0.0001178579987026751
4334,0.00011879700468853116
4335,0.00011821600492112339
4336,0.00011861800157930702
4337,0.00011873900075443089
4338,0.00011824700050055981
4339,0.0001310619991272688
4340,0.00012312100443523377
4341,0.00011859298683702946
4342,0.00011803199595306069
4343,0.00011834299948532134
4344,0.0001180889958050102
4345,0.0001177280064439401
4346,0.00011810599244199693
4347,0.00011891699978150427
4348,0.00011799999629147351
4349,0.00011841600644402206
4350,0.0001182180130854249
4351,0.00011837300553452224
4352,0.00011877799988724291
4353,0.00011826599074993283
4354,0.00011855199409183115
4355,0.00011923500278498977
4356,0.00011731800623238087
4357,0.00012993099517188966
4358,0.0001230469933943823
4359,0.00011845899280160666
4360,0.00012186200183350593
4361,0.00012337999942246825
4362,0.00012643700756598264
4363,0.00012170200352557003
4364,0.00012345099821686745
4365,0.00011854300100822002
4366,0.00011821200314443558
4367,0.00011681900650728494
4368,0.00011522899148985744
4369,0.00011959299445152283
4370,0.00011781801003962755
4371,0.00011841200466733426
4372,0.00011839999933727086
4373,0.00011860700033139437
4374,0.00011806999100372195
4375,0.0001184069988084957
4376,0.00011870199523400515
4377,0.00011851599265355617
4378,0.00011853700561914593
4379,0.00011833899770863354
4380,0.00011871798778884113
4381,0.00011791600263677537
4382,0.00011847699352074414
4383,0.00011893898772541434
4384,0.00011808800627477467
4385,0.0001191990013467148
4386,0.00011800299398601055
4387,0.00011813899618573487
4388,0.00011863899999298155
4389,0.00011811699368990958
4390,0.0001184819993795827
4391,0.00011800300853792578
4392,0.00011855000047944486
4393,0.00011835599434562027
4394,0.00011836500198114663
4395,0.00011844300024677068
4396,0.0001191990013467148
4397,0.00011766399256885052
4398,0.00011840800289064646
4399,0.00011866699787788093
4400,0.00011816900223493576
4401,0.00011872399772983044
4402,0.00011844799155369401
4403,0.0001180889958050102
4404,0.00011882100079674274
4405,0.00011790300777647644
4406,0.00011851899034809321
4407,0.00011857498611789197
4408,0.00012027600314468145
4409,0.00012414100638125092
4410,0.00011323500075377524
4411,0.00011908200394827873
4412,0.00011831001029349864
4413,0.00011924200225621462
4414,0.00011790600547101349
4415,0.00011925800936296582
4416,0.00011838300270028412
4417,0.00011734799772966653
4418,0.00011830999574158341
4419,0.00011908300803042948
4420,0.00011784399976022542
4421,0.00011865499254781753
4422,0.00011834700126200914
4423,0.0001185610017273575
4424,0.00011831099982373416
4425,0.00012069899821653962
4426,0.00011643199832178652
4427,0.00011795399768743664
4428,0.00011871200695168227
4429,0.00011841399827972054
4430,0.00011858499783556908
4431,0.00011849201109725982
4432,0.00011890599853359163
4433,0.00011788700066972524
4434,0.0001235710078617558
4435,0.00011282299237791449
4436,0.00011923399870283902
4437,0.00011791399447247386
4438,0.00011825399997178465
4439,0.00011773899313993752
4440,0.0001193409989355132
4441,0.00011870799062307924
4442,0.00011858099605888128
4443,0.00012109499948564917
4444,0.00011720000475179404
4445,0.0001335929991910234
4446,0.0001165650028269738
4447,0.00011770499986596406
4448,0.00011987899779342115
4449,0.00011852700845338404
4450,0.00012279300426598638
4451,0.00012288900325074792
4452,0.00012303300900384784
4453,0.00011852699390146881
4454,0.00011620900477282703
4455,0.00012329700984992087
4456,0.00011413499305490404
4457,0.00011826600530184805
4458,0.0001190149923786521
4459,0.00013601899263449013
4460,0.00015045898908283561
4461,0.00018963799811899662
4462,0.00015927699860185385
4463,0.00012134300777688622
4464,0.00011908200394827873
4465,0.00011655398702714592
4466,0.00011733701103366911
4467,0.00012056199193466455
4468,0.00011229098890908062
4469,0.00012071400124114007
4470,0.0001260819990420714
4471,0.00012155399599578232
4472,0.00012132999836467206
4473,0.0001183360000140965
4474,0.00011574500240385532
4475,0.00011847600399050862
4476,0.00012095998681616038
4477,0.00012536199938040227
4478,0.00012052999227307737
4479,0.00014987200847826898
4480,0.00016506999963894486
4481,0.00013576399942394346
4482,0.00013411400141194463
4483,0.00013689498882740736
4484,0.00014123799337539822
4485,0.0001381799957016483
4486,0.00012402699212543666
4487,0.00012415999663062394
4488,0.0001180969993583858
4489,0.00011916999937966466
4490,0.0001171040057670325
4491,0.00011856299533974379
4492,0.00011789900599978864
4493,0.00011844300024677068
4494,0.00011833099415525794
4495,0.00011883900151588023
4496,0.00011880199599545449
4497,0.00011788100528065115
4498,0.00011847000860143453
4499,0.00012237099872436374
4500,0.00011227300274185836
4501,0.00011900199751835316
4502,0.00012134198914282024
4503,0.00011850299779325724
4504,0.00011926099250558764
4505,0.0001158239901997149
4506,0.0001174689969047904
4507,0.0001183949934784323
4508,0.00011796200124081224
4509,0.00011877399811055511
4510,0.00011732798884622753
4511,0.00011942999844904989
4512,0.00011888198787346482
4513,0.00011577601253520697
4514,0.00011714600259438157
4515,0.000118113006465137
4516,0.00011861299572046846
4517,0.0001169199967989698
4518,0.00011812099546659738
4519,0.00011823599925264716
4520,0.0001192619965877384
4521,0.00011869499576278031
4522,0.0001178800011985004
4523,0.00011839299986604601
4524,0.00011856701166834682
4525,0.0001183480053441599
4526,0.00011849199654534459
4527,0.00011891699978150427
4528,0.00011807400733232498
4529,0.00011850200826302171
4530,0.00011816500045824796
4531,0.00011910100874956697
4532,0.00011793900921475142
4533,0.0001182690029963851
4534,0.00011885800631716847
4535,0.00011834100587293506
4536,0.00011831900337710977
4537,0.00011837499914690852
4538,0.00011848901340272278
4539,0.00011847699352074414
4540,0.00011858799553010613
4541,0.00011881599493790418
4542,0.00011805600661318749
4543,0.00011844698747154325
4544,0.0001184230059152469
4545,0.00011907299631275237
4546,0.00011984199227299541
4547,0.00011728500248864293
4548,0.00011795999307651073
4549,0.00011886900756508112
4550,0.00012310899910517037
4551,0.00011281900515314192
4552,0.00011955200170632452
4553,0.00011832999007310718
4554,0.00011842600360978395
4555,0.00011826999252662063
4556,0.00011948899191338569
4557,0.00011807499686256051
4558,0.00011879300291184336
4559,0.00011745300434995443
4560,0.00011885700223501772
4561,0.00011983299918938428
4562,0.0001174140052171424
4563,0.00011805500253103673
4564,0.00011849700240418315
4565,0.00011845299741253257
4566,0.00012116599828004837
4567,0.0001165349967777729
4568,0.00011785299284383655
4569,0.00011857300705742091
4570,0.00011913701018784195
4571,0.00011847900168504566
4572,0.00011917500523850322
4573,0.00011770099808927625
4574,0.0001174850040115416
4575,0.00011860299855470657
4576,0.0001187590096378699
4577,0.00011852200259454548
4578,0.00011864499538205564
4579,0.00011718001042027026
4580,0.00011830400035250932
4581,0.00011894000635948032
4582,0.00011765801173169166
4583,0.00011811200238298625
4584,0.00011890300083905458
4585,0.000117272007628344
4586,0.00011774399899877608
4587,0.00011897800141014159
4588,0.00011882299440912902
4589,0.00011801699292846024
4590,0.00012003800657112151
4591,0.00011659400479402393
4592,0.00011883699335157871
4593,0.00011868399451486766
4594,0.00011805800022557378
4595,0.00011892098700627685
4596,0.00011910700413864106
4597,0.00011784899106714875
4598,0.0001180889958050102
4599,0.00011877200449816883
4600,0.00011918600648641586
4601,0.00011855900811497122
4602,0.00011772199650295079
4603,0.00011806499969679862
4604,0.00011831498704850674
4605,0.00011882798571605235
4606,0.0001171509939013049
4607,0.00012131800758652389
4608,0.00011726500815711915
4609,0.00011802300286944956
4610,0.0001192579948110506
4611,0.00011800299398601055
4612,0.00011820299550890923
4613,0.00011820098734460771
4614,0.00011854300100822002
4615,0.00011839999933727086
4616,0.00011863300460390747
4617,0.0001187210000352934
4618,0.0001181760017061606
4619,0.00011877299402840436
4620,0.00011734600411728024
4621,0.00011938399984501302
4622,0.00011841999366879463
4623,0.00011858099605888128
4624,0.00011928399908356369
4625,0.00011788299889303744
4626,0.00011815001198556274
4627,0.00011847300629597157
4628,0.00011878499935846776
4629,0.0001184069988084957
4630,0.00011756201274693012
4631,0.00011977899703197181
4632,0.00011816300684586167
4633,0.00011842099775094539
4634,0.00011839000217150897
4635,0.00011868099682033062
4636,0.00011850601003970951
4637,0.00011896099022123963
4638,0.00011794199235737324
4639,0.00011825200635939837
4640,0.0001188970054499805
4641,0.00012502899335231632
4642,0.00011099700350314379
4643,0.00011940099648199975
4644,0.00011866999557241797
4645,0.00011822300439234823
4646,0.00011977499525528401
4647,0.00011779999476857483
4648,0.00011887200525961816
4649,0.00011787099356297404
4650,0.00011833300231955945
4651,0.00011846600682474673
4652,0.00011848298890981823
4653,0.00011891400208696723
4654,0.00011804899259004742
4655,0.000120240991236642
4656,0.0001179509999928996
4657,0.0001191850024042651
4658,0.0001413160061929375
4659,0.00011322699720039964
4660,0.00011939500109292567
4661,0.00011900100798811764
4662,0.00011860400263685733
4663,0.00011741100752260536
4664,0.00011864500993397087
4665,0.0001192030031234026
4666,0.0001179509999928996
4667,0.00011804900714196265
4668,0.00011932199413422495
4669,0.00011769800039473921
4670,0.00011799699859693646
4671,0.00011870200978592038
4672,0.00011909200111404061
4673,0.00011791499855462462
4674,0.0001181719999294728
4675,0.00012093399709556252
4676,0.00011541700223460793
4677,0.00011907199223060161
4678,0.00011827399430330843
4679,0.00011837300553452224
4680,0.00011870299931615591
4681,0.00011681800242513418
4682,0.0001180689869215712
4683,0.00011861699749715626
4684,0.00011810399882961065
4685,0.00011865398846566677
4686,0.0001183829881483689
4687,0.00011823298700619489
4688,0.00011850000009872019
4689,0.00011856098717544228
4690,0.00011853700561914593
4691,0.00011843400716315955
4692,0.00011872999311890453
4693,0.00011810701107606292
4694,0.00011813700257334858
4695,0.00011883900151588023
4696,0.00011847699352074414
4697,0.00011830299627035856
4698,0.00011908900341950357
4699,0.00011776199971791357
4700,0.00011931201152037829
4701,0.0001177629892481491
4702,0.00011828799324575812
4703,0.00011885300045832992
4704,0.00011851900490000844
4705,0.00011795699538197368
4706,0.00011721199552994221
4707,0.00011908099986612797
4708,0.00011813400487881154
4709,0.00011833400640171021
4710,0.00011737199383787811
4711,0.00011886398715432733
4712,0.00011791400902438909
4713,0.00011837200145237148
4714,0.00011848499707411975
4715,0.00011822899978142232
4716,0.00011878900113515556
4717,0.00011803300003521144
4718,0.00011952199565712363
4719,0.0001177540107164532
4720,0.0001184069988084957
4721,0.00011850999726448208
4722,0.00011852699390146881
4723,0.00011804599489551038
4724,0.000118729003588669
4725,0.00011836699559353292
4726,0.00011879800877068192
4727,0.0001181760017061606
4728,0.00011843899847008288
4729,0.0001160789979621768
4730,0.00011686599464155734
4731,0.00011863099643960595
4732,0.00011857399658765644
4733,0.00011805100075434893
4734,0.00011843600077554584
4735,0.00011860200902447104
4736,0.00011865200940519571
4737,0.00011857699428219348
4738,0.00012356899969745427
4739,0.00011231299140490592
4740,0.00011961400741711259
4741,0.00011807400733232498
4742,0.00011844901018776
4743,0.00011911599722225219
4744,0.00011837000783998519
4745,0.0001180260005639866
4746,0.00011844599794130772
4747,0.00011819100473076105
4748,0.00011864100815728307
4749,0.00011940600234083831
4750,0.0001205040025524795
4751,0.00011413899483159184
4752,0.00011971298954449594
4753,0.00011877100041601807
4754,0.00011800799984484911
4755,0.00011842799722217023
4756,0.00011895500938408077
4757,0.000118147989269346
4758,0.00011844300024677068
4759,0.00011846498819068074
4760,0.00011729399557225406
4761,0.00012041800073347986
4762,0.00011805500253103673
4763,0.0001179919927380979
4764,0.0001186660083476454
4765,0.00011843099491670728
4766,0.00011946901213377714
4767,0.0001178660022560507
4768,0.00011279400496277958
4769,0.00011912299669347703
4770,0.00011650599481072277
4771,0.00011781499779317528
4772,0.00011850798910018057
4773,0.00011837499914690852
4774,0.00011830100265797228
4775,0.00011925700528081506
4776,0.00011929700849577785
4777,0.00011596499825827777
4778,0.00011931000335607678
4779,0.0001187169982586056
4780,0.00011842499952763319
4781,0.00011817099584732205
4782,0.00011846500274259597
4783,0.00012015299580525607
4784,0.00011681800242513418
4785,0.0001186920126201585
4786,0.00011907999578397721
4787,0.00011783500667661428
4788,0.00011852200259454548
4789,0.00011833099415525794
4790,0.00011866699787788093
4791,0.00011816300684586167
4792,0.00011833899770863354
4793,0.00011859700316563249
4794,0.00011985200399067253
4795,0.00011682600597850978
4796,0.0001185569999506697
4797,0.00011878200166393071
4798,0.00011798400373663753
4799,0.00011844901018776
4800,0.00012077800056431442
4801,0.00011509199975989759
4802,0.00011946199811063707
4803,0.00011869399168062955
4804,0.00011829700088128448
4805,0.00011820299550890923
4806,0.00011867999273817986
4807,0.00011811898730229586
4808,0.00011908299347851425
4809,0.00011844599794130772
4810,0.00011805199028458446
4811,0.00011874099436681718
4812,0.00011853998876176775
4813,0.00011796699254773557
4814,0.0001186829904327169
4815,0.00011842000822070986
4816,0.0001188750029541552
4817,0.00011947800521738827
4818,0.0001173639902845025
4819,0.00011801099753938615
4820,0.00011873099720105529
4821,0.00011824999819509685
4822,0.00011953699868172407
4823,0.00011767300020437688
4824,0.00011819899373222142
4825,0.0001179590035462752
4826,0.00011851999443024397
4827,0.00011866299610119313
4828,0.00011840098886750638
4829,0.00011827101116068661
4830,0.00011837499914690852
4831,0.00011761199857573956
4832,0.0001182060077553615
4833,0.00011804100358858705
4834,0.00011860199447255582
4835,0.00011790999269578606
4836,0.00011817700578831136
4837,0.00011778301268350333
4838,0.00011833300231955945
4839,0.000118579002446495
4840,0.00011850398732349277
4841,0.00011840798833873123
4842,0.00011836200428660959
4843,0.00011847600399050862
4844,0.00011833899770863354
4845,0.00011847401037812233
4846,0.00011865999840665609
4847,0.00011826599074993283
4848,0.00011957800597883761
4849,0.00011690000246744603
4850,0.00011811099830083549
4851,0.00011815600737463683
4852,0.00011845200788229704
4853,0.00011839800572488457
4854,0.00011916199582628906
4855,0.00011792000441346318
4856,0.00011867200373671949
4857,0.00011843300308100879
4858,0.00011836600606329739
4859,0.00011835999612230808
4860,0.00011854100739583373
4861,0.00011986101162619889
4862,0.00011717899178620428
4863,0.00011866999557241797
4864,0.0001182609994430095
4865,0.00011921201075892895
4866,0.00011756899766623974
4867,0.00011858099605888128
4868,0.00011847200221382082
4869,0.00011819599603768438
4870,0.00011851599265355617
4871,0.00011915700451936573
4872,0.0001181050029117614
4873,0.00011860000086016953
4874,0.00011790600547101349
4875,0.00011870500748045743
4876,0.00011855099000968039
4877,0.00011806999100372195
4878,0.00011917900701519102
4879,0.00011795799946412444
4880,0.0001186969893751666
4881,0.00011851399904116988
4882,0.00011835999612230808
4883,0.0001182939886348322
4884,0.0001192070049000904
4885,0.00011768800322897732
4886,0.00011844599794130772
4887,0.00011869901209138334
4888,0.00011961300333496183
4889,0.00011725699005182832
4890,0.00011816300684586167
4891,0.0001184659922728315
4892,0.0001188930036732927
4893,0.0001182730047730729
4894,0.00011753299622796476
4895,0.00011798999912571162
4896,0.00011897498916368932
4897,0.00011853800970129669
4898,0.00011786799586843699
4899,0.00011924600403290242
4900,0.00011869700392708182
4901,0.00011765600356739014
4902,0.00011873099720105529
4903,0.00011805800022557378
4904,0.00011859800724778324
4905,0.0001204250002047047
4906,0.00011720600014086813
4907,0.00011776000610552728
4908,0.00011891100439243019
4909,0.00011820800136774778
4910,0.0001180420076707378
4911,0.00011859800724778324
4912,0.00011827399430330843
4913,0.00011827200069092214
4914,0.00011841498780995607
4915,0.00011967700265813619
4916,0.00011735000589396805
4917,0.00011844899563584477
4918,0.00011851699673570693
4919,0.00011869800800923258
4920,0.000118222989840433
4921,0.0001183520071208477
4922,0.00011818700295407325
4923,0.00011877498764079064
4924,0.00011853399337269366
4925,0.00011895100760739297
4926,0.00011672900291159749
4927,0.0001195759978145361
4928,0.00011886398715432733
4929,0.00011854000331368297
4930,0.00011849700240418315
4931,0.00011831600568257272
4932,0.0001223760045832023
4933,0.00011574701056815684
4934,0.00011716400331351906
4935,0.0001184530119644478
4936,0.00011843099491670728
4937,0.00011880999954883009
4938,0.00011795898899435997
4939,0.00011904000712092966
4940,0.00011826699483208358
4941,0.00011819601058959961
4942,0.00011885999992955476
4943,0.00011975799861829728
4944,0.00011721700138878077
4945,0.00011820599320344627
4946,0.00011816700862254947
4947,0.00011852300667669624
4948,0.00011851800081785768
4949,0.00012330499885138124
4950,0.0001125370035879314
4951,0.00011943500430788845
4952,0.00011177299893461168
4953,0.0001199269900098443
4954,0.00011811401054728776
4955,0.000118092997581698
4956,0.00011829400318674743
4957,0.00011703799827955663
4958,0.00011844398977700621
4959,0.00011828599963337183
4960,0.00011906200961675495
4961,0.00011796900071203709
4962,0.00011706500663422048
4963,0.00011849399015773088
4964,0.00011854400509037077
4965,0.00011831099982373416
4966,0.00011871100286953151
4967,0.00011836701014544815
4968,0.00011839400394819677
4969,0.0001183520071208477
4970,0.00011809500574599952
4971,0.00011889800953213125
4972,0.00011847099813167006
4973,0.00011813800665549934
4974,0.00011839199578389525
4975,0.00011826198897324502
4976,0.00011884600098710507
4977,0.00011972901120316237
4978,0.00011757599713746458
4979,0.00011789500422310084
4980,0.00011883999104611576
4981,0.00011830600851681083
4982,0.00011759500193875283
4983,0.00011800600623246282
4984,0.00011891999747604132
4985,0.000118072988698259
4986,0.00011815899051725864
4987,0.00011935799557249993
4988,0.0001222340069944039
4989,0.00011309199908282608
4990,0.00011907100270036608
4991,0.00011829700088128448
4992,0.00011856999481096864
4993,0.00011890400492120534
4994,0.00011780500062741339
4995,0.0001189929898828268
4996,0.00011830999574158341
4997,0.00011696000001393259
4998,0.00011978398833889514
4999,0.00011880100646521896
5000,0.00011814800382126123
5001,0.00011876500502694398
5002,0.00011905899737030268
5003,0.00011787700350396335
5004,0.00011826399713754654
5005,0.00011804999667219818
5006,0.00011838000500574708
5007,0.00011894899944309145
5008,0.00011839601211249828
5009,0.00011850601003970951
5010,0.00011941700358875096
5011,0.00011706700024660677
5012,0.00011940600234083831
5013,0.00011821799853350967
5014,0.00011905700375791639
5015,0.00011697100126184523
5016,0.00011870700109284371
5017,0.00011774299491662532
5018,0.00011757199536077678
5019,0.0001188120077131316
5020,0.0001192619965877384
5021,0.00011644999904092401
5022,0.00011834100587293506
5023,0.00011841599189210683
5024,0.00011875899508595467
5025,0.00011877900396939367
5026,0.00011837900092359632
5027,0.00011820900544989854
5028,0.00011851299495901912
5029,0.00011808300041593611
5030,0.00011848400754388422
5031,0.00011865199485328048
5032,0.00011835400073323399
5033,0.00011873499897774309
5034,0.00011823799286503345
5035,0.00011822899978142232
5036,0.00011851199087686837
5037,0.00012101100583095104
5038,0.00011611399531830102
5039,0.00011842999083455652
5040,0.00011840899242088199
5041,0.00011856900528073311
5042,0.00011820599320344627
5043,0.00011835599434562027
5044,0.0001190430048154667
5045,0.00011806299153249711
5046,0.00011841699597425759
5047,0.00011850798910018057
5048,0.00011872300819959491
5049,0.00011861900566145778
5050,0.00011844899563584477
5051,0.00011876100325025618
5052,0.00011887600703630596
5053,0.00011797700426541269
5054,0.00011799299682024866
5055,0.00011881599493790418
5056,0.00011832801101263613
5057,0.00011830498988274485
5058,0.00011848000576719642
5059,0.00011862900282721967
5060,0.00011870100570376962
5061,0.00011807499686256051
5062,0.00011849599832203239
5063,0.00011833598546218127
5064,0.00011865099077112973
5065,0.00011825800174847245
5066,0.00011840400111395866
5067,0.00011843499669339508
5068,0.00011911500769201666
5069,0.00011782300134655088
5070,0.00011853400792460889
5071,0.00011848000576719642
5072,0.00011920000542886555
5073,0.00012277299538254738
5074,0.00011250399984419346
5075,0.00011784699745476246
5076,0.00011987300240434706
5077,0.0001185529981739819
5078,0.00011810800060629845
5079,0.00011837200145237148
5080,0.00011852200259454548
5081,0.00011961300333496183
5082,0.00011777201143559068
5083,0.00011705700308084488
5084,0.00011769898992497474
5085,0.00011852699390146881
5086,0.0001183780113933608
5087,0.000118504001875408
5088,0.0001181310071842745
5089,0.00011755000741686672
5090,0.00011813700257334858
5091,0.00011845599510706961
5092,0.00011765699309762567
5093,0.00011929600441362709
5094,0.00011864700354635715
5095,0.00011794798774644732
5096,0.00011883399565704167
5097,0.00011886899301316589
5098,0.00011868699220940471
5099,0.00011800299398601055
5100,0.00011834700126200914
5101,0.00012118999438825995
5102,0.00011439400259405375
5103,0.00011963400174863636
5104,0.00011847600399050862
5105,0.00011840600927826017
5106,0.00011831600568257272
5107,0.00011852900206577033
5108,0.00011864499538205564
5109,0.00011741300113499165
5110,0.00011957099195569754
5111,0.00011851900490000844
5112,0.00011885599815286696
5113,0.00011774900485761464
5114,0.00011848100984934717
5115,0.00011975399684160948
5116,0.00011804699897766113
5117,0.0001181559928227216
5118,0.0001178759994218126
5119,0.00011834999895654619
5120,0.00011878699297085404
5121,0.00011845199333038181
5122,0.00011835701297968626
5123,0.00011853400792460889
5124,0.00011827200069092214
5125,0.00011925499711651355
5126,0.00011835500481538475
5127,0.0001187719899462536
5128,0.00011818499478977174
5129,0.00011819299834314734
5130,0.00011813300079666078
5131,0.0001182389969471842
5132,0.00011915899813175201
5133,0.00011840400111395866
5134,0.00011802899825852364
5135,0.00011858699144795537
5136,0.00011866100248880684
5137,0.00011902199184987694
5138,0.00011761698988266289
5139,0.00011854399053845555
5140,0.0001184980064863339
5141,0.00011829500726889819
5142,0.00011883900151588023
5143,0.00011794100282713771
5144,0.00011937800445593894
5145,0.00011804699897766113
5146,0.00011746700329240412
5147,0.00011869000445585698
5148,0.00011750900011975318
5149,0.00011836299381684512
5150,0.00011842200183309615
5151,0.0001189640024676919
5152,0.00011836500198114663
5153,0.00011835400073323399
5154,0.00011856500350404531
5155,0.00011913699563592672
5156,0.00011805599206127226
5157,0.00011777700274251401
5158,0.0001185610017273575
5159,0.00011810199066530913
5160,0.0001196000084746629
5161,0.00011769900447688997
5162,0.0001185709988931194
5163,0.00011846100096590817
5164,0.00011839398939628154
5165,0.00011830400035250932
5166,0.00011856600758619606
5167,0.0001227530010510236
5168,0.00011542800348252058
5169,0.00011709399404935539
5170,0.00011798999912571162
5171,0.00011828300193883479
5172,0.00011877900396939367
5173,0.00011845900735352188
5174,0.00011809800344053656
5175,0.00011900298704858869
5176,0.00011697200534399599
5177,0.00011958798859268427
5178,0.00011879300291184336
5179,0.0001179469982162118
5180,0.00011911700130440295
5181,0.00011811999138444662
5182,0.00011874099436681718
5183,0.00011771799472626299
5184,0.00011887001164723188
5185,0.00011714600259438157
5186,0.00011842699314001948
5187,0.00011877100041601807
5188,0.00011794600868597627
5189,0.00011820699728559703
5190,0.00011857700883410871
5191,0.00011908299347851425
5192,0.00011767999967560172
5193,0.00011891599569935352
5194,0.00011815299512818456
5195,0.0001183239946840331
5196,0.00011855200864374638
5197,0.00011719200119841844
5198,0.00011942999844904989
5199,0.00011897599324584007
5200,0.00011855599586851895
5201,0.00011881100363098085
5202,0.00011835299665108323
5203,0.00012010800128336996
5204,0.00011667699436657131
5205,0.00011815200559794903
5206,0.00012134500138927251
5207,0.0001171850017271936
5208,0.00011738800094462931
5209,0.00011693099804688245
5210,0.0001179209939436987
5211,0.00011852200259454548
5212,0.00011897299555130303
5213,0.00011777800682466477
5214,0.00011196700506843626
5215,0.00011923399870283902
5216,0.00011880999954883009
5217,0.00011825599358417094
5218,0.00011889699089806527
5219,0.00011770900164265186
5220,0.00011929799802601337
5221,0.00011781899956986308
5222,0.00011850999726448208
5223,0.00011852600437123328
5224,0.00011869400623254478
5225,0.00011842200183309615
5226,0.00011822899978142232
5227,0.00011827799607999623
5228,0.00011882900435011834
5229,0.00012112199328839779
5230,0.00011640200682450086
5231,0.00011774300946854055
5232,0.00011859199730679393
5233,0.00011871900642290711
5234,0.0001179710088763386
5235,0.00011784800153691322
5236,0.0001178459933726117
5237,0.00011862900282721967
5238,0.00012269699072930962
5239,0.00011448499571997672
5240,0.00011863600229844451
5241,0.00011812899901997298
5242,0.00011825899127870798
5243,0.00011824700050055981
5244,0.000118504001875408
5245,0.00011821099906228483
5246,0.000120131007861346
5247,0.00011691301187966019
5248,0.00011875299969688058
5249,0.00011863899999298155
5250,0.00011795198952313513
5251,0.0001192439958686009
5252,0.00011776598694268614
5253,0.00011835400073323399
5254,0.00011839500803034753
5255,0.00011840899242088199
5256,0.0001188549940707162
5257,0.00011823700333479792
5258,0.00011815500329248607
5259,0.0001188120077131316
5260,0.00011864899715874344
5261,0.00011845699918922037
5262,0.00011882699618581682
5263,0.00011787400580942631
5264,0.00011882699618581682
5265,0.00011824099055957049
5266,0.00011828599963337183
5267,0.00011818500934168696
5268,0.00011877200449816883
5269,0.00011840600927826017
5270,0.00011832999007310718
5271,0.00011855999764520675
5272,0.00011767700198106468
5273,0.00011777399049606174
5274,0.00012333900667726994
5275,0.00011258100857958198
5276,0.00011967400496359915
5277,0.00011887001164723188
5278,0.00011806499969679862
5279,0.0001181559928227216
5280,0.00011903999256901443
5281,0.00011815100151579827
5282,0.00011827000707853585
5283,0.00011878099758177996
5284,0.00011835299665108323
5285,0.00011882701073773205
5286,0.00011816500045824796
5287,0.00011821900261566043
5288,0.00011855999764520675
5289,0.00011857300705742091
5290,0.00011799800267908722
5291,0.0001229780027642846
5292,0.00011581899889279157
5293,0.00011683399497997016
5294,0.00011843199899885803
5295,0.00011857600475195795
5296,0.00011827499838545918
5297,0.00011846699635498226
5298,0.00011815200559794903
5299,0.00011900599929504097
5300,0.00011810001160483807
5301,0.00011815900506917387
5302,0.0001194079959532246
5303,0.00011770099808927625
5304,0.00011916800576727837
5305,0.00011785099923145026
5306,0.0001184029970318079
5307,0.00011871499009430408
5308,0.00011994800297543406
5309,0.0001174890057882294
5310,0.00011779999476857483
5311,0.00011842101230286062
5312,0.00011883299157489091
5313,0.00011846399866044521
5314,0.00011810999421868473
5315,0.00011872200411744416
5316,0.00011858099605888128
5317,0.00011811399599537253
5318,0.00011838998761959374
5319,0.00011857700883410871
5320,0.00011868400906678289
5321,0.00011851001181639731
5322,0.00011859599908348173
5323,0.00011839900980703533
5324,0.00011798201012425125
5325,0.00011864000407513231
5326,0.0001186580047942698
5327,0.00011840400111395866
5328,0.00011822499800473452
5329,0.00011870899470523
5330,0.00011828199785668403
5331,0.00011824900866486132
5332,0.00011868600267916918
5333,0.00011831699521280825
5334,0.0001185080036520958
5335,0.00011730600090231746
5336,0.00011855900811497122
5337,0.00011827499838545918
5338,0.00011850199371110648
5339,0.00011839201033581048
5340,0.00011776998871937394
5341,0.00011782099318224937
5342,0.0001156559883384034
5343,0.00011851100134663284
5344,0.00011859400547109544
5345,0.00011876400094479322
5346,0.00011852200259454548
5347,0.00011836299381684512
5348,0.0001182650012196973
5349,0.00011818800703622401
5350,0.00011834199540317059
5351,0.00011899700621142983
5352,0.00012004299787804484
5353,0.00011603799066506326
5354,0.00011810699652414769
5355,0.00011809800344053656
5356,0.000118729003588669
5357,0.00011813700257334858
5358,0.00011859499500133097
5359,0.0001184270076919347
5360,0.0001184900029329583
5361,0.00011885000276379287
5362,0.00011879300291184336
5363,0.00011826799891423434
5364,0.00011823300155811012
5365,0.00011813400487881154
5366,0.00011861800157930702
5367,0.00011867500143125653
5368,0.0001187719899462536
5369,0.00012165900261607021
5370,0.00011471399920992553
5371,0.00011827799607999623
5372,0.00011875000200234354
5373,0.00011869399168062955
5374,0.0001178920065285638
5375,0.00011854599870275706
5376,0.00011981501302216202
5377,0.00011782000365201384
5378,0.00011740099580492824
5379,0.00011897800141014159
5380,0.00011912999616470188
5381,0.0001172849879367277
5382,0.00011964500299654901
5383,0.00011758699838537723
5384,0.00012067799980286509
5385,0.0001177789963549003
5386,0.00012286400306038558
5387,0.00011156700202263892
5388,0.00011984200682491064
5389,0.00011805599206127226
5390,0.00011887701111845672
5391,0.00011846900451928377
5392,0.0001185329892905429
5393,0.00011851800081785768
5394,0.00011883600382134318
5395,0.00011811799777206033
5396,0.00011818100756499916
5397,0.00011886900756508112
5398,0.00011687701044138521
5399,0.0001174990029539913
5400,0.00011896299838554114
5401,0.0001184779976028949
5402,0.00011884600098710507
5403,0.00011777300096582621
5404,0.00011894699127878994
5405,0.00011831699521280825
5406,0.00011778499174397439
5407,0.00011877699580509216
5408,0.00011843800893984735
5409,0.0001191220071632415
5410,0.00011783199443016201
5411,0.00011815300968009979
5412,0.00011983299918938428
5413,0.0001172479969682172
5414,0.00011826200352516025
5415,0.00011907200678251684
5416,0.00011839799117296934
5417,0.00011857599020004272
5418,0.00011803700181189924
5419,0.00011839800572488457
5420,0.00011853199976030737
5421,0.00011884499690495431
5422,0.0001180849940283224
5423,0.0001185080036520958
5424,0.00011858200014103204
5425,0.00011854599870275706
5426,0.00011946799349971116
5427,0.00011780900240410119
5428,0.00011766699026338756
5429,0.00011868000729009509
5430,0.00011829799041152
5431,0.00011884000559803098
5432,0.00011842900130432099
5433,0.00011881199316121638
5434,0.00011662300676107407
5435,0.00011987400648649782
5436,0.00011830800212919712
5437,0.00011904399434570223
5438,0.00011777201143559068
5439,0.00011879300291184336
5440,0.00011819700011983514
5441,0.00011906700092367828
5442,0.0001180059916805476
5443,0.00011849799193441868
5444,0.00011852600437123328
5445,0.00011821999214589596
5446,0.00011876800272148103
5447,0.00011822499800473452
5448,0.00011887699656654149
5449,0.00011832999007310718
5450,0.00011823199747595936
5451,0.00011750499834306538
5452,0.00011986501340288669
5453,0.00011802099470514804
5454,0.00011850500595755875
5455,0.00011873799667228013
5456,0.00011843800893984735
5457,0.00011900700337719172
5458,0.00011796499893534929
5459,0.00011839299986604601
5460,0.00011849199654534459
5461,0.00011782000365201384
5462,0.00011787300172727555
5463,0.00011853998876176775
5464,0.00011861800157930702
5465,0.00011794999591074884
5466,0.00011770200217142701
5467,0.0001176530058728531
5468,0.0001188710011774674
5469,0.00011864400585182011
5470,0.0001183440035674721
5471,0.00011709801037795842
5472,0.00011979800183326006
5473,0.00011835199256893247
5474,0.00011949999316129833
5475,0.00011729799734894186
5476,0.00011929799802601337
5477,0.00011826399713754654
5478,0.0001178539969259873
5479,0.00011829899449367076
5480,0.00011893700866494328
5481,0.00011837300553452224
5482,0.00011814200843218714
5483,0.00011860601080115885
5484,0.00011860999802593142
5485,0.0001181390107376501
5486,0.00011854599870275706
5487,0.00011947700113523751
5488,0.00011833400640171021
5489,0.00011700199684128165
5490,0.00011795600585173815
5491,0.0001188809983432293
5492,0.0001179550017695874
5493,0.00011853799514938146
5494,0.00011813601304311305
5495,0.00011874800838995725
5496,0.00011853899923153222
5497,0.00011851699673570693
5498,0.00011829900904558599
5499,0.00011843700485769659
5500,0.00011843600077554584
5501,0.00011878499935846776
5502,0.00011832200107164681
5503,0.00011842600360978395
5504,0.00011833899770863354
5505,0.00011889399320352823
5506,0.00011809999705292284
5507,0.00011853000614792109
5508,0.00011867200373671949
5509,0.00011797300248872489
5510,0.00011863300460390747
5511,0.00011861500388476998
5512,0.0001171750045614317
5513,0.00011975399684160948
5514,0.00011845999688375741
5515,0.00011828700371552259
5516,0.00011862399696838111
5517,0.00011860200902447104
5518,0.00011944898869842291
5519,0.00011765699309762567
5520,0.00011818300117738545
5521,0.00011806300608441234
5522,0.00011743800132535398
5523,0.00011863099643960595
5524,0.0001179839891847223
5525,0.00011651500244624913
5526,0.00011984498996753246
5527,0.00011848298890981823
5528,0.00011860999802593142
5529,0.00011955499940086156
5530,0.00011701098992489278
5531,0.00011863400868605822
5532,0.0001183949934784323
5533,0.00011818599887192249
5534,0.00011845599510706961
5535,0.00011882900435011834
5536,0.00011847499990835786
5537,0.00011876999633386731
5538,0.00011830500443466008
5539,0.0001181900006486103
5540,0.00011860000086016953
5541,0.00011872300819959491
5542,0.00011813300079666078
5543,0.00011855800403282046
5544,0.00011897800141014159
5545,0.00011843000538647175
5546,0.0001181010011350736
5547,0.0001184110005851835
5548,0.00011880700185429305
5549,0.00011820699728559703
5550,0.00011830900621134788
5551,0.00011862299288623035
5552,0.0001194829965243116
5553,0.00011783899390138686
5554,0.00011816300684586167
5555,0.00011838600039482117
5556,0.0001184940047096461
5557,0.00011864700354635715
5558,0.00011827900016214699
5559,0.00011859499500133097
5560,0.00011860700033139437
5561,0.0001181800034828484
5562,0.0001260069984709844
5563,0.00012201699428260326
5564,0.00011805800022557378
5565,0.00011843400716315955
5566,0.00011548299517016858
5567,0.00011944399739149958
5568,0.00011738300963770598
5569,0.00011900199751835316
5570,0.00011785699462052435
5571,0.00012035798863507807
5572,0.0001144379930337891
5573,0.00011799200729001313
5574,0.00011800600623246282
5575,0.00011768098920583725
5576,0.00011751199781429023
5577,0.00011881899263244122
5578,0.00011744799849111587
5579,0.00011779299529734999
5580,0.00011788299889303744
5581,0.00011832200107164681
5582,0.00011777100735343993
5583,0.00011814900790341198
5584,0.0001234520022990182
5585,0.00019133299065288156
5586,0.00012033300299663097
5587,0.00011865601118188351
5588,0.0001167900045402348
5589,0.00011707500379998237
5590,0.00011978500697296113
5591,0.00011790700955316424
5592,0.00011607700434979051
5593,0.00011664099292829633
5594,0.0001188850001199171
5595,0.00011455400090198964
5596,0.00011706700024660677
5597,0.00011886100401170552
5598,0.000114638009108603
5599,0.00011928299500141293
5600,0.00011457300570327789
5601,0.00012007199984509498
5602,0.00011492701014503837
5603,0.00011986700701527297
5604,0.00011393601016607136
5605,0.00011782800720538944
5606,0.00011915600043721497
5607,0.00011399900540709496
5608,0.00011888200242538005
5609,0.00011503000860102475
5610,0.00011959900439251214
5611,0.00011423099203966558
5612,0.00011752400314435363
5613,0.00011826699483208358
5614,0.00011523200373630971
5615,0.00011919999087695032
5616,0.00011446699500083923
5617,0.00011900700337719172
5618,0.0001152420009020716
5619,0.00011848099529743195
5620,0.00011789400014095008
5621,0.00011461999383755028
5622,0.00011919099779333919
5623,0.00011559600534383208
5624,0.0001186159934150055
5625,0.00011461599206086248
5626,0.00012020600843243301
5627,0.00011382601223886013
5628,0.00011842400999739766
5629,0.0001154549972852692
5630,0.00011834999895654619
5631,0.00011585399624891579
5632,0.00011865700071211904
5633,0.00011878300574608147
5634,0.00011850100418087095
5635,0.00011515400547068566
5636,0.00011900899698957801
5637,0.00011765600356739014
5638,0.0001152460026787594
5639,0.00011978599650319666
5640,0.00011411600280553102
5641,0.00011898700904566795
5642,0.00011485899449326098
5643,0.00011712400009855628
5644,0.00011873600305989385
5645,0.00011825599358417094
5646,0.00011410799925215542
5647,0.00011872700997628272
5648,0.00011541199637576938
5649,0.00011859899677801877
5650,0.0001149140007328242
5651,0.00011845500557683408
5652,0.00011541899584699422
5653,0.00011452598846517503
5654,0.0001199020043713972
5655,0.00011425699631217867
5656,0.00011653799447230995
5657,0.00011849899601656944
5658,0.0001170920004369691
5659,0.00011852399620693177
5660,0.00011442399409133941
5661,0.00011800900392699987
5662,0.00011576300312299281
5663,0.00011909699242096394
5664,0.00011466399882920086
5665,0.0001190550101455301
5666,0.00011771399294957519
5667,0.00011614499089773744
5668,0.00011891999747604132
5669,0.00011782300134655088
5670,0.00011490799079183489
5671,0.00011884499690495431
5672,0.00011428399011492729
5673,0.00011906999861821532
5674,0.00011507899034768343
5675,0.00011877600627485663
5676,0.0001155720092356205
5677,0.00011896599608007818
5678,0.00011489499593153596
5679,0.00011924099817406386
5680,0.00011431099846959114
5681,0.00012019599671475589
5682,0.00011435599299147725
5683,0.00011811399599537253
5684,0.00011585999163798988
5685,0.00011854300100822002
5686,0.00011837900092359632
5687,0.00011412199819460511
5688,0.00011803499364759773
5689,0.00011481399997137487
5690,0.00011877200449816883
5691,0.00011454999912530184
5692,0.00011694800923578441
5693,0.00011712400009855628
5694,0.00011844700202345848
5695,0.00011564099986571819
5696,0.00011859000369440764
5697,0.00011545400775503367
5698,0.00011850299779325724
5699,0.00011575499956961721
5700,0.00011861500388476998
5701,0.00011504699068609625
5702,0.00011870000162161887
5703,0.0001153129996964708
5704,0.0001188469905173406
5705,0.00011828300193883479
5706,0.00011410099978093058
5707,0.00011829700088128448
5708,0.00011911899491678923
5709,0.00011401300434954464
5710,0.00011969699698965997
5711,0.00011460199311841279
5712,0.00011778400221373886
5713,0.00011488600284792483
5714,0.00011657101276796311
5715,0.000119194999570027
5716,0.0001147760049207136
5717,0.0001171670010080561
5718,0.00011553900549188256
5719,0.00011863099643960595
5720,0.00011646900384221226
5721,0.00011831200390588492
5722,0.00011575300595723093
5723,0.00011531000200193375
5724,0.00011816200276371092
5725,0.00011775600432883948
5726,0.0001177160011138767
5727,0.00011491299665067345
5728,0.00011883099796250463
5729,0.00011547699978109449
5730,0.00011837399506475776
5731,0.0001151610049419105
5732,0.00011921099212486297
5733,0.00011518099927343428
5734,0.0001190390030387789
5735,0.00011501999688334763
5736,0.00011838000500574708
5737,0.00011735899897757918
5738,0.00011537299724295735
5739,0.00011876199278049171
5740,0.00011497100058477372
5741,0.00011541199637576938
5742,0.00011690099199768156
5743,0.00011919801181647927
5744,0.00011465400166343898
5745,0.00011922500561922789
5746,0.00011549699411261827
5747,0.00011853700561914593
5748,0.00011636399722192436
5749,0.00011865100532304496
5750,0.00011432499741204083
5751,0.00011882399849127978
5752,0.00011574800009839237
5753,0.0001192190102301538
5754,0.00011525099398568273
5755,0.0001190390030387789
5756,0.00011470798926893622
5757,0.00011893799819517881
5758,0.00011690099199768156
5759,0.0001187330053653568
5760,0.00011791200086008757
5761,0.00011490499309729785
5762,0.00011883499973919243
5763,0.00011503300629556179
5764,0.00011860500671900809
5765,0.00011554099910426885
5766,0.00011914099741261452
5767,0.00011477799853309989
5768,0.00011915799404960126
5769,0.00011487600568216294
5770,0.00011891000031027943
5771,0.00011500400432851166
5772,0.00011823298700619489
5773,0.00011793900921475142
5774,0.00011778400221373886
5775,0.00011435199121478945
5776,0.0001158660015789792
5777,0.0001186199951916933
5778,0.00011493499914649874
5779,0.00011840900697279721
5780,0.00011804199311882257
5781,0.0001164519926533103
5782,0.00011542899301275611
5783,0.00011860599624924362
5784,0.00011797700426541269
5785,0.0001146059948951006
5786,0.00011904099665116519
5787,0.00011771399294957519
5788,0.00011424400145187974
5789,0.00011823199747595936
5790,0.0001175619981950149
5791,0.00011803201050497591
5792,0.00011446500138845295
5793,0.000118749012472108
5794,0.00011547200847417116
5795,0.00011872699542436749
5796,0.00011531400377862155
5797,0.00011829299910459667
5798,0.00011687600635923445
5799,0.00011565300519578159
5800,0.00011878101213369519
5801,0.0001183520071208477
5802,0.00011400900257285684
5803,0.00011859300138894469
5804,0.00011582000297494233
5805,0.0001187210000352934
5806,0.00011508399620652199
5807,0.00011722400086000562
5808,0.0001182650012196973
5809,0.0001179249957203865
5810,0.0001146260037785396
5811,0.00011801299115177244
5812,0.00011799098865594715
5813,0.00011512500350363553
5814,0.00011925899889320135
5815,0.00011486200673971325
5816,0.00011915400682482868
5817,0.00011436898785177618
5818,0.00011892399925272912
5819,0.00011521398846525699
5820,0.0001227269967785105
5821,0.00011475100473035127
5822,0.00011888600420206785
5823,0.00011686800280585885
5824,0.00011497800005599856
5825,0.00011896199430339038
5826,0.00011525700392667204
5827,0.00011797899787779897
5828,0.00011801200162153691
5829,0.000114693000796251
5830,0.00011899600212927908
5831,0.00011553500371519476
5832,0.00011906999861821532
5833,0.00011518101382534951
5834,0.00011860299855470657
5835,0.00011635199189186096
5836,0.00011549900227691978
5837,0.00011898699449375272
5838,0.0001152909972006455
5839,0.0001156679936684668
5840,0.00011806399561464787
5841,0.00011598700075410306
5842,0.00011881199316121638
5843,0.0001144700072472915
5844,0.00011520500993356109
5845,0.00011860700033139437
5846,0.00011505300062708557
5847,0.00011874799383804202
5848,0.0001179249957203865
5849,0.00011442801041994244
5850,0.00011922599514946342
5851,0.00011466900468803942
5852,0.0001189010072266683
5853,0.00011528799950610846
5854,0.00011901999823749065
5855,0.00011495799117255956
5856,0.00011842399544548243
5857,0.00011472600453998893
5858,0.0001164010027423501
5859,0.00011675100540742278
5860,0.00011921700206585228
5861,0.00011647499923128635
5862,0.00011805900430772454
5863,0.00011416400957386941
5864,0.0001186199951916933
5865,0.00011552899377420545
5866,0.00011916400399059057
5867,0.00011757899483200163
5868,0.00011413299944251776
5869,0.00011890800669789314
5870,0.00011508699390105903
5871,0.00011863801046274602
5872,0.0001154309866251424
5873,0.0001190149923786521
5874,0.00011493799684103578
5875,0.0001182730047730729
5876,0.000117942996439524
5877,0.00011495398939587176
5878,0.00011861399980261922
5879,0.00011804599489551038
5880,0.00011413500760681927
5881,0.00011922299745492637
5882,0.00011454599734861404
5883,0.00011864400585182011
5884,0.00011567100591491908
5885,0.00011881299724336714
5886,0.00011660500604193658
5887,0.00011767698742914945
5888,0.0001142779947258532
5889,0.00011880999954883009
5890,0.00011583699961192906
5891,0.00011855100456159562
5892,0.00011459800589364022
5893,0.00011716199514921755
5894,0.00011847099813167006
5895,0.00011560600250959396
5896,0.00011788599658757448
5897,0.00011825399997178465
5898,0.00011455999629106373
5899,0.00011882401304319501
5900,0.00011577899567782879
5901,0.0001184980064863339
5902,0.00011464300041552633
5903,0.00012217000767122954
5904,0.00011667900253087282
5905,0.000116765993880108
5906,0.00011631099914666265
5907,0.00011854000331368297
5908,0.00011703699419740587
5909,0.00011755799641832709
5910,0.00011635199189186096
5911,0.00011700800678227097
5912,0.00011665800411719829
5913,0.00011850199371110648
5914,0.00011618599819485098
5915,0.00011683799675665796
5916,0.0001167779992101714
5917,0.00011952199565712363
5918,0.000115924995043315
5919,0.00011676800204440951
5920,0.00011699799506459385
5921,0.00011727701348718256
5922,0.00011643000470940024
5923,0.00011835299665108323
5924,0.00011585700849536806
5925,0.00011680398893076926
5926,0.00011706299846991897
5927,0.00011680199531838298
5928,0.00011734500003512949
5929,0.00011647099745459855
5930,0.00011883198749274015
5931,0.00011611600348260254
5932,0.0001191769988508895
5933,0.00011622199963312596
5934,0.00011679799354169518
5935,0.00011666800128296018
5936,0.00011721201008185744
5937,0.00011694501154124737
5938,0.00011652200191747397
5939,0.00011686701327562332
5940,0.00011673799599520862
5941,0.00011701199400704354
5942,0.00011699899914674461
5943,0.00011673000699374825
5944,0.00011730700498446822
5945,0.00011655499110929668
5946,0.00011809400166384876
5947,0.00011719799658749253
5948,0.00011668600200209767
5949,0.00011679499584715813
5950,0.00011662900215014815
5951,0.00011677600559778512
5952,0.00011686098878271878
5953,0.00011708099918905646
5954,0.00011677099973894656
5955,0.00011679599992930889
5956,0.0001167900045402348
5957,0.00011668499791994691
5958,0.00011676699796225876
5959,0.00011667700891848654
5960,0.00011733800056390464
5961,0.00011675599671434611
5962,0.00011681299656629562
5963,0.00011673300468828529
5964,0.00011741700291167945
5965,0.00011646100028883666
5966,0.00011686301149893552
5967,0.00011681599426083267
5968,0.00011698200250975788
5969,0.0001171629992313683
5970,0.00011651399836409837
5971,0.00011671399988699704
5972,0.00011782099318224937
5973,0.00011668799561448395
5974,0.00011689799430314451
5975,0.00011682900367304683
5976,0.00011689600069075823
5977,0.00011706100485753268
5978,0.00011661100143101066
5979,0.00011711000115610659
5980,0.00011667399667203426
5981,0.00011670000094454736
5982,0.0001170290051959455
5983,0.00011687600635923445
5984,0.00012485700426623225
5985,0.00011634800466708839
5986,0.00011747000098694116
5987,0.00011696999717969447
5988,0.00011895000352524221
5989,0.00011564399756025523
5990,0.00011688600352499634
5991,0.00011699400783982128
5992,0.00011755101149901748
5993,0.00011624999751802534
5994,0.0001187250018119812
5995,0.00011576199904084206
5996,0.00011699899914674461
5997,0.00011681199248414487
5998,0.0001170089963125065
5999,0.00011687399819493294
6000,0.00011703898780979216
6001,0.00011712800187524408
6002,0.00011652999091893435
6003,0.00011678900045808405
6004,0.00011667599028442055
6005,0.00011719499889295548
6006,0.00011642099707387388
6007,0.00011715400614775717
6008,0.00011680698662530631
6009,0.00011752199498005211
6010,0.0001163380075013265
6011,0.00012169900583103299
6012,0.00011609699868131429
6013,0.0001167940063169226
6014,0.00011713699495885521
6015,0.0001166829897556454
6016,0.00011709799582604319
6017,0.00011702200572472066
6018,0.00011652499961201102
6019,0.00011743100185412914
6020,0.00011652799730654806
6021,0.00011947100574616343
6022,0.00011604800238274038
6023,0.00011910899775102735
6024,0.00011593999806791544
6025,0.00011654999980237335
6026,0.00011688099766615778
6027,0.0001163179986178875
6028,0.00011642499885056168
6029,0.0001170169998658821
6030,0.00011700799223035574
6031,0.00011706800432875752
6032,0.00011666701175272465
6033,0.00011752999853342772
6034,0.00011674099368974566
6035,0.00011671199172269553
6036,0.00011683598859235644
6037,0.00011690100654959679
6038,0.00011704200005624443
6039,0.00011710599937941879
6040,0.00011703799827955663
6041,0.00011694099521264434
6042,0.00011667000944726169
6043,0.00011671200627461076
6044,0.00011697199079208076
6045,0.000116786002763547
6046,0.0001169239985756576
6047,0.00011688900121953338
6048,0.00011739600449800491
6049,0.00011701599578373134
6050,0.00011660500604193658
6051,0.00011638800788205117
6052,0.00011685900972224772
6053,0.00011622000602073967
6054,0.00011685099161695689
6055,0.00011688099766615778
6056,0.00011729900143109262
6057,0.00011712299601640552
6058,0.00011704499775078148
6059,0.00012124399654567242
6060,0.00011709400860127062
6061,0.00011658399307634681
6062,0.0001171549956779927
6063,0.00011693900160025805
6064,0.00011700000322889537
6065,0.00011878700752276927
6066,0.00011608899512793869
6067,0.00011648199870251119
6068,0.00012002300354652107
6069,0.00011593599629122764
6070,0.00011754099978134036
6071,0.00011683900083880872
6072,0.00011710199760273099
6073,0.00011669799278024584
6074,0.00011652399552986026
6075,0.00011706500663422048
6076,0.00011680000170599669
6077,0.00011698900198098272
6078,0.00011686199286486953
6079,0.00011693000851664692
6080,0.00011706100485753268
6081,0.00011999699927400798
6082,0.00011958200775552541
6083,0.00011613100650720298
6084,0.0001191520132124424
6085,0.00011681400064844638
6086,0.00011755600280594081
6087,0.00011886999709531665
6088,0.00011554699449334294
6089,0.00011717599409166723
6090,0.00011699099559336901
6091,0.00011670000094454736
6092,0.00011992899817414582
6093,0.00011552499199751765
6094,0.00011716100561898202
6095,0.00011698401067405939
6096,0.00011603999882936478
6097,0.00011729600373655558
6098,0.00011656001152005047
6099,0.00011690601240843534
6100,0.00011705399083439261
6101,0.00011670400272123516
6102,0.00011815900506917387
6103,0.00011586399341467768
6104,0.00011680599709507078
6105,0.000117477000458166
6106,0.00011590898793656379
6107,0.00011911299952771515
6108,0.00011494799400679767
6109,0.00011903999256901443
6110,0.00011515499500092119
6111,0.00011857699428219348
6112,0.0001154469937318936
6113,0.00012015800166409463
6114,0.00011457799701020122
6115,0.00011860999802593142
6116,0.00011826699483208358
6117,0.0001142190012615174
6118,0.00011951800843235105
6119,0.00011875299969688058
6120,0.00011406699195504189
6121,0.00011857300705742091
6122,0.0001155479985754937
6123,0.00011844700202345848
6124,0.00011574500240385532
6125,0.00011694499698933214
6126,0.00011887399887200445
6127,0.00011571499635465443
6128,0.00011892399925272912
6129,0.00011527500464580953
6130,0.00011932199413422495
6131,0.00011425399861764163
6132,0.00011919200187548995
6133,0.00011477999214548618
6134,0.00012140900071244687
6135,0.00011426499986555427
6136,0.00011755399464163929
6137,0.00011895800707861781
6138,0.00011515000369399786
6139,0.00011928900494240224
6140,0.00011697600712068379
6141,0.00011935499787796289
6142,0.0001150110037997365
6143,0.00011888700828421861
6144,0.00011548200563993305
6145,0.0001158740051323548
6146,0.00012010100181214511
6147,0.0001157770020654425
6148,0.00011555899982340634
6149,0.00011962100688833743
6150,0.00011439199442975223
6151,0.0001172600022982806
6152,0.00011904400889761746
6153,0.00013229700562078506
6154,0.00011574999371077865
6155,0.0001166689908131957
6156,0.0001191769988508895
6157,0.00011467799777165055
6158,0.00011938200623262674
6159,0.00011455200728960335
6160,0.00011942299897782505
6161,0.00011505499423947185
6162,0.00011860299855470657
6163,0.00011768299737013876
6164,0.00011460299720056355
6165,0.00011704000644385815
6166,0.00011997000547125936
6167,0.00011479199747554958
6168,0.00011840800289064646
6169,0.000115870003355667
6170,0.00011875000200234354
6171,0.00011539299157448113
6172,0.00011936799273826182
6173,0.0001159659877885133
6174,0.00011566300236154348
6175,0.00011896999785676599
6176,0.0001154469937318936
6177,0.00011935399379581213
6178,0.00011443700350355357
6179,0.00011699099559336901
6180,0.00011706900841090828
6181,0.00011905599967576563
6182,0.00011504600115586072
6183,0.0001194079959532246
6184,0.00011472999176476151
6185,0.00011995599197689444
6186,0.00011409599392209202
6187,0.00011897301010321826
6188,0.00011541499407030642
6189,0.00011963800352532417
6190,0.00011525899753905833
6191,0.00011594399984460324
6192,0.000119270000141114
6193,0.00011533699580468237
6194,0.00011902800179086626
6195,0.00011495099170133471
6196,0.00011874300253111869
6197,0.00011513700883369893
6198,0.00011872200411744416
6199,0.00011511899356264621
